0.161000
-0.068000
-0.273000
-0.340000
-0.361000
0.166000
-0.263000
-0.452000
0.348000
-0.096000
-0.452000
0.065000
-0.279000
-0.367000
-0.325000
-0.259000
0.014000
-0.353000
-0.138000
0.454000
0.176000
-0.046000
0.158000
0.221000
0.284000
0.188000
-0.034000
-0.384000
0.356000
-0.320000
-0.071000
0.037000
0.129000
-0.111000
0.343000
-0.496000
-0.399000
-0.116048
0.419496
0.486202
-0.375619
-0.453137
0.079497
0.023652
-0.134144
-0.028027
-0.307000
0.457999
-0.321001
0.483000
0.487000
0.323000
-0.103000
-0.404000
0.094000
0.401000
0.153000
0.020000
0.003000
-0.028058
-0.480020
0.432000
0.453000
0.323998
-0.467017
-0.443100
0.161207
0.225620
-0.236324
-0.339427
0.459665
0.180382
0.351518
0.408773
0.321786
-0.024099
-0.356190
0.202998
-0.051001
0.332984
-0.497007
0.410000
-0.260000
-0.473000
0.110000
0.027000
-0.218000
-0.107167
-0.313153
0.359513
0.455422
0.050472
0.075272
-0.279619
-0.239388
-0.500239
-0.039910
-0.454879
-0.171127
-0.299584
-0.378164
-0.086570
-0.086011
0.064033
-0.284126
0.409285
0.239155
0.359272
-0.243131
-0.202000
-0.157000
-0.266000
0.341000
-0.481000
-0.148000
-0.437998
-0.090230
0.300798
0.270363
-0.196257
0.232792
-0.043503
-0.003369
0.110536
-0.533828
0.024063
-0.138087
-0.703760
-0.237781
-0.343185
0.201881
-0.492524
-0.244813
0.095566
0.128576
0.413043
-0.491868
-0.483011
0.431998
0.448000
-0.290000
-0.005000
-0.081407
0.146414
-0.338808
-0.395441
0.247777
-0.031161
-0.567724
-0.250458
-0.435210
-0.411312
-0.763673
-1.091856
-0.417786
-1.073783
-0.720535
-0.925983
-0.945461
-0.683105
-0.706148
-0.212842
-0.137297
0.212332
0.157629
0.041646
0.437194
-0.055006
-0.272000
-0.306000
0.048961
-0.291782
0.227788
0.378753
-0.347742
-0.453992
-0.128035
-0.009415
-0.008944
-0.420201
-0.147847
-0.354037
-0.840286
-0.160262
-0.264124
-0.110734
-0.376605
-0.491364
-0.558915
0.071963
-0.003189
-0.638184
0.170133
-0.503583
-0.440181
0.464981
0.249001
-0.362672
-0.271555
-0.033890
0.561756
-0.277408
0.542243
0.119614
0.360406
0.352685
1.093371
0.228830
0.038619
0.013548
-0.380069
-0.826545
0.061335
0.369082
0.020395
0.685848
-0.040482
-0.317649
0.495838
-0.464886
-0.030890
-0.475468
-0.395705
0.002969
0.010877
-0.317367
0.426442
-0.157050
0.004217
0.542733
0.683198
0.739018
0.430271
0.285747
0.495487
0.747249
-0.067072
0.237539
-0.022448
-0.083786
-0.035723
-0.265982
0.374208
0.008886
-0.042001
-0.101853
0.424609
0.321518
0.049836
-0.693471
0.266454
0.379500
-0.173989
0.161254
-0.056857
0.276107
0.474425
0.639365
0.158731
0.232184
0.619949
0.084665
0.403390
0.501611
0.931528
0.053457
0.583745
0.660241
0.037232
0.540114
0.143459
0.447409
0.266883
0.065891
-0.111345
0.277317
-0.275989
-0.428537
-0.463522
-0.305824
0.123013
0.155216
-0.031772
0.377531
0.274425
0.044805
0.313795
-0.031626
-0.130251
-0.342374
-0.164517
0.248820
0.504047
0.921650
0.670311
0.462469
1.134235
0.785549
0.915430
0.507087
0.548545
0.212757
0.150325
0.190739
-0.363547
0.152034
-0.015517
-0.272202
0.222042
0.186185
0.444768
0.592010
0.105475
-0.030326
0.124452
-0.527011
0.063498
-0.183721
0.293260
-0.292351
0.321792
0.410467
-0.152644
0.545347
0.760780
0.504471
0.467025
-0.140003
0.399278
0.335264
0.176316
-0.315178
-0.266568
0.271664
-0.091809
0.093789
-0.126450
0.477461
0.116430
0.075501
0.186349
-0.491698
0.259570
0.421483
0.081214
-0.408516
-0.227059
-0.053506
-1.061751
-1.578706
-0.943620
-0.013059
0.472674
0.283541
0.063833
-0.126429
-0.025239
0.098166
0.045608
-0.223284
-0.003380
-0.431778
0.204436
-0.299066
0.273000
-0.184765
-0.320375
0.273182
0.732198
0.008064
-0.337700
-0.185552
0.093131
-0.409481
-0.049237
-0.720279
-1.474591
-1.783522
-1.039620
-0.150575
0.005725
-0.374010
0.160848
-0.398396
-0.286129
-0.095415
-0.329008
-0.444078
0.000707
-0.334142
-0.159447
0.018392
-0.019000
-0.129349
0.565903
-0.234147
0.595481
0.258947
-0.651304
-0.660812
-0.673961
-0.894974
-0.860262
-1.086830
-1.108054
-1.570449
-0.640170
0.045886
0.201175
0.249293
0.322141
0.561053
0.516207
0.205453
0.021030
0.114477
-0.226187
0.432180
0.036748
0.097993
-0.422996
-0.102000
0.379534
0.548207
0.083011
-0.597089
-0.355744
-0.254223
-1.088235
-0.811174
-0.785033
-1.281355
-0.711905
-0.647576
-0.052245
-0.559020
0.122974
0.517387
0.480401
0.652890
0.776884
0.362086
0.109729
0.042826
-0.479492
0.410506
0.091651
-0.001000
-0.307979
0.054000
-0.371065
-0.358957
-0.257499
-0.177562
-0.051842
-0.262206
-0.402299
-0.680775
-0.912822
-0.761677
-0.702441
-0.731202
-0.257321
0.045079
-0.071067
0.511224
0.766412
0.624567
0.436234
0.552307
-0.217106
-0.378366
0.381426
-0.376936
-0.365317
0.320764
-0.160000
0.140000
0.466671
-0.385312
-0.353065
-0.095268
0.060923
-0.084498
-0.378513
-0.962828
-0.798134
-1.026016
-0.829290
-0.035746
0.002268
-0.054356
-0.520545
0.294456
0.372903
0.384615
0.455683
-0.249819
0.226551
-0.514458
0.354299
0.080523
0.155607
0.315303
0.384626
-0.127000
-0.457095
0.095517
0.068139
-0.183336
-0.795537
-1.170442
-0.184895
-0.782172
-0.781901
-0.063079
-0.198358
-0.078031
0.332328
-0.108720
-0.693402
-0.328841
-0.099518
-0.481756
-0.683231
-0.322717
-0.716879
-0.350653
-0.204008
-0.496699
0.242564
0.366951
-0.235000
0.091367
0.405391
-0.182055
-0.188826
-0.394366
-0.482091
-1.085574
-0.306624
-0.473626
-0.610397
-0.451322
-0.291534
0.389192
0.009970
-0.415139
-0.198008
-0.261282
-0.718463
-0.890395
-0.843792
-0.939962
-0.832889
-0.573508
-0.596660
0.452268
-0.017313
-0.229003
0.443000
-0.033959
-0.057034
-0.156638
0.088588
-0.635434
-0.498088
-0.524698
-0.924595
-1.018626
-0.718207
0.031949
0.094678
-0.134529
-0.128953
-0.090819
-0.717845
-0.370694
-1.135379
-1.003859
-0.589473
-1.270840
-0.609352
-0.421454
-0.024001
-0.312772
0.471525
0.295000
-0.255000
0.411999
0.058578
0.277199
-0.487534
-0.378386
-0.852708
-1.069325
-0.260762
-0.513318
0.041481
-0.564436
0.138250
0.041702
-0.510995
-0.446799
-0.625585
-0.332687
-0.614826
-0.496741
-0.472867
-0.850569
-0.405639
-0.434533
-0.006182
-0.236841
0.400761
0.152000
-0.463000
-0.465000
0.117433
-0.335279
0.180005
-0.249965
-0.121290
-0.593339
0.056191
-0.480794
-0.147991
-0.321208
-0.295274
-0.167014
-0.017297
-0.076084
-0.096072
-0.422096
-0.381182
-0.841385
-0.290307
0.001637
-0.099664
-0.466478
-0.307747
-0.357832
-0.334708
0.469000
-0.428000
0.215000
-0.517894
0.115405
0.152042
-0.288125
0.214256
-0.171783
-0.024005
-0.090557
-0.001175
-0.206631
-0.536248
-0.075861
0.013466
0.099580
-0.403953
-0.448955
-0.629912
-0.306116
-0.651298
-0.214782
-0.718348
-0.479455
0.008146
0.160337
-0.432960
-0.421000
0.209000
0.162000
-0.322329
0.045016
0.202726
0.310430
0.766752
0.133933
0.076976
-0.091114
-0.120031
0.036357
0.088782
0.310353
0.115692
0.019667
-0.076525
0.040982
-0.047941
-0.441354
0.002613
-0.460480
-0.046958
-0.015460
0.006951
-0.040306
-0.316000
-0.083000
0.464000
0.116000
-0.497875
-0.428572
0.539840
0.617480
0.097218
0.536189
0.219886
0.381415
0.276263
0.766794
0.845649
0.108808
0.371839
0.786247
0.258959
0.090868
-0.058439
0.263504
-0.371688
-0.299203
-0.008846
-0.261993
-0.073766
-0.262000
0.491000
0.239000
0.353000
-0.052000
0.067000
-0.446010
0.370886
0.042191
-0.149663
-0.335665
0.213958
-0.198066
0.163908
0.163917
-0.057408
0.373142
0.033198
0.125451
0.553844
0.007774
0.308489
0.177918
-0.514229
0.080115
-0.069285
0.088320
0.488644
0.284000
-0.097000
0.460000
-0.038000
0.232000
-0.108000
0.343000
-0.437000
0.424827
0.116988
0.225030
0.169814
-0.064045
-0.216125
0.381244
0.320350
-0.319310
0.153861
0.405541
0.105658
0.166978
0.226567
-0.049871
-0.002492
0.024272
0.436584
-0.149676
0.223000
-0.495000
-0.089000
-0.307000
