-0.459000
-0.033000
-0.166000
0.000000
-0.331000
0.224000
-0.022000
-0.142000
0.462000
-0.036000
0.205000
-0.355000
-0.219000
0.327000
0.461000
-0.009000
0.495000
0.442000
0.327000
-0.064000
-0.109000
0.104000
0.402000
-0.347000
-0.208000
-0.118000
-0.079000
0.216000
0.218000
0.395000
-0.053000
0.226000
0.271000
0.038000
0.369000
0.412000
0.167000
-0.201000
-0.465000
0.393997
0.203000
0.301020
-0.202568
-0.176626
0.157192
0.163386
-0.359098
0.210971
-0.247000
0.368000
0.047000
0.144000
0.162000
0.257000
-0.463000
0.359000
0.223000
0.241000
0.029000
0.278000
-0.184000
-0.465000
-0.310000
0.342000
-0.216832
-0.437163
-0.498220
0.441660
-0.246808
0.091176
-0.139453
0.195420
0.271752
0.161957
-0.172682
-0.162528
-0.520365
-0.429523
-0.118230
0.047995
0.128999
0.123000
-0.416000
0.454000
0.256000
0.340000
0.466000
-0.124000
0.431000
-0.192000
0.442474
-0.075606
0.079712
-0.287869
-0.091469
-0.127210
-0.541822
-0.612205
0.190347
-0.125924
0.183921
-0.554198
-0.076083
-0.086531
-0.022189
0.236726
0.363198
-0.217211
0.164354
-0.114000
-0.479000
0.245000
0.424000
-0.428000
-0.230000
0.329000
0.275383
0.066397
-0.425223
-0.041990
0.375751
-0.350139
-0.467795
-0.051167
-0.316283
0.148535
0.071882
0.066201
-0.371895
-0.382887
-0.102611
-0.337797
0.124977
-0.127613
0.183759
-0.167629
-0.426138
-0.321711
-0.493005
-0.163000
-0.043000
-0.213000
0.253000
-0.116759
0.437061
0.380475
-0.414660
0.106910
-0.352235
-0.034952
-0.321944
0.198613
-0.132722
-0.307189
0.209785
-0.156836
0.459208
-0.003453
0.224735
0.257597
-0.119975
-0.404945
-0.170549
-0.074721
-0.020570
-0.063836
0.090582
-0.459000
0.102000
-0.150000
-0.210527
0.327610
-0.140088
-0.510899
-0.042192
-0.599080
-0.295505
-0.524924
-0.076887
-0.181143
-0.083849
0.545277
-0.160062
0.683340
-0.000816
0.417559
0.247153
0.316231
-0.155674
0.010183
0.060896
0.252813
-0.007726
-0.102655
0.280520
-0.091422
-0.190000
0.117000
0.280166
-0.044619
-0.277221
-0.013396
0.228106
-0.254593
-0.115022
-0.387115
-0.196898
0.012793
0.409454
-0.091914
-0.187114
-0.200268
0.708932
0.367666
0.538284
0.224219
-0.151810
0.014630
-0.577034
-0.328279
-0.161788
-0.059867
-0.206406
0.002957
-0.052000
-0.300000
-0.061870
0.048540
-0.121338
0.027678
-0.029397
-0.551011
-0.210380
0.015163
-0.474188
-0.360034
-0.024807
0.136956
0.188584
0.235759
0.151103
0.206368
-0.023037
0.148469
0.380102
-0.328150
0.203340
0.291117
-0.511273
-0.116365
-0.325312
0.115240
-0.228000
-0.456635
-0.173265
0.084122
-0.362650
0.139248
0.181373
-0.243739
0.148034
-0.453583
0.325794
-0.040867
0.367555
0.486037
-0.110036
0.285458
-0.103498
0.619529
0.419832
0.039256
0.354689
-0.082664
-0.309728
0.283607
-0.014758
-0.082937
-0.522358
0.357262
0.361000
0.186642
-0.099188
0.265490
-0.448333
-0.208278
-0.551743
0.140306
-0.238156
-0.125848
-0.549044
-0.105528
-0.022278
0.139256
0.182658
0.118170
-0.272996
0.112531
0.704783
0.014656
0.634646
0.202621
0.260764
0.426704
-0.165081
-0.055633
-0.084938
0.048871
-0.059000
0.011997
-0.355055
-0.478883
0.074516
0.237761
-0.199709
0.125275
-0.113322
0.430511
0.111402
0.064694
-0.081646
-0.299085
-0.133591
-0.194112
-0.768223
-0.416161
0.201535
0.507020
0.326169
0.121898
0.475693
0.095144
-0.046073
0.130847
-0.416619
0.201000
-0.184000
0.170999
0.285976
-0.263719
-0.339389
0.000389
0.042772
-0.265158
0.506657
0.273329
0.217999
0.239226
-0.304687
-0.055712
-0.758298
-0.759969
-0.665364
-0.246544
-0.067151
-0.152792
0.264772
0.092664
0.094978
0.000821
0.070997
-0.115728
-0.352776
-0.034000
-0.456000
0.159000
-0.205140
-0.084458
-0.381756
-0.188825
0.081477
0.171449
0.371964
0.187704
-0.280432
-0.150273
-0.088537
-0.780290
-0.851869
-1.154896
-0.480633
-0.391123
-0.081432
-0.302903
-0.114127
0.384107
0.316288
0.279543
-0.031461
0.297724
-0.165841
0.374000
-0.128000
-0.341000
0.333000
-0.461951
-0.055869
0.207538
0.510518
0.066765
0.448837
-0.022980
0.574261
0.454746
-0.456798
0.093919
-0.948565
-0.716519
-0.927708
-0.462511
-0.163251
-0.611359
-0.036208
0.112460
0.218013
0.790846
-0.246177
0.461298
-0.439113
-0.319000
-0.497000
-0.068000
0.005000
0.081101
0.280836
0.032923
0.580634
0.212837
0.040642
0.198272
-0.072915
0.404911
-0.699950
-0.682543
-0.803353
-0.286061
-0.855320
-0.712836
-0.456520
0.168094
0.138562
0.047880
0.504703
0.434836
-0.011849
0.001471
-0.361908
0.194000
0.195000
0.124000
-0.481001
-0.384405
0.189227
0.643820
0.768899
0.381427
0.362371
0.451469
0.566144
-0.060487
-0.331548
-0.885510
-1.367171
-0.801993
-0.901050
-0.573470
0.267163
-0.429462
-0.471138
0.348812
-0.380482
0.466248
-0.144504
-0.225455
0.075031
-0.273000
-0.457000
0.258000
-0.336002
-0.407163
0.473614
-0.104730
0.553709
0.333350
0.367920
0.387942
0.467054
-0.101305
-0.726724
-0.642567
-1.195251
-0.799318
-0.102291
0.372989
-0.263992
0.369122
0.207897
-0.044731
-0.176476
0.131154
-0.140226
-0.284171
-0.298000
-0.384000
-0.470000
-0.174000
-0.489055
0.211004
-0.087050
0.167197
-0.141679
0.345501
0.434990
0.716437
-0.032058
-0.003007
-0.419587
-0.515772
-0.538042
-0.156559
0.022348
0.189174
0.453900
0.107504
-0.256889
-0.411749
-0.023811
-0.332694
-0.364297
-0.073766
-0.197001
0.260000
-0.143000
-0.176000
-0.023866
-0.472247
-0.407750
0.434653
0.226731
0.415531
-0.034933
0.213821
0.862657
-0.122902
-0.460734
-0.260835
-0.475924
0.041440
0.165769
-0.262756
-0.639956
-0.376492
0.057100
-0.256745
-0.102584
-0.293744
0.175883
-0.143178
0.025998
-0.143000
-0.163000
-0.229000
0.368331
-0.240787
0.339609
-0.407567
-0.050521
-0.605003
0.186368
0.370945
0.503846
-0.097286
0.066004
-0.230384
-0.252729
-0.006881
-0.099012
0.215380
-0.485809
-0.080896
-0.876707
0.067234
-0.032497
0.201052
0.118500
0.466028
-0.041856
-0.131000
0.032000
0.463000
0.106698
-0.082181
0.404785
0.173133
-0.517525
0.170607
0.064424
0.388933
-0.076382
-0.007302
0.393908
-0.072474
0.231159
-0.378423
-0.162525
0.037873
-0.579959
0.010169
-0.177153
0.207044
-0.381723
0.226933
0.340338
-0.101222
-0.219003
0.201000
-0.307000
0.234000
0.136934
-0.016088
0.053527
0.538595
-0.311450
0.039430
0.337980
0.057057
0.433438
-0.030766
0.186664
0.433383
0.489130
0.320278
-0.483824
-0.158342
-0.129185
0.164779
-0.305339
0.008948
0.208647
-0.089675
-0.216790
0.173444
-0.458870
-0.187000
0.375000
-0.428000
0.317988
0.102422
-0.478339
0.428381
-0.460665
0.126446
-0.307810
0.405602
-0.178229
0.276186
0.456537
-0.111267
0.052894
-0.008876
0.432611
-0.432295
-0.341842
-0.358831
-0.045272
0.152032
-0.456965
-0.252472
-0.167395
0.259000
-0.308002
0.105000
-0.236000
-0.319000
0.003000
0.328997
0.242578
-0.008555
-0.357492
0.360034
-0.075753
-0.078831
-0.156437
-0.124040
-0.213321
-0.153222
-0.418293
-0.282729
0.192522
-0.512291
-0.070408
-0.533183
-0.362630
0.124240
-0.289751
0.490347
0.323746
0.101000
-0.108000
0.259000
0.170000
-0.072000
-0.473000
-0.416185
-0.441170
0.211103
-0.100348
0.343890
-0.367648
0.172962
-0.121260
-0.216707
-0.511051
0.004532
0.059999
-0.264470
-0.617936
-0.467883
-0.125119
-0.309597
-0.393529
-0.015555
0.113438
0.411436
0.090999
0.204000
0.318000
-0.268000
0.250000
-0.295000
0.475000
0.039000
-0.197000
-0.120974
-0.433715
-0.282383
0.040893
0.070057
0.370509
0.221249
0.289649
-0.556639
-0.075711
0.152748
-0.031302
0.097358
0.181109
-0.295046
-0.020582
0.433913
-0.230051
0.440875
0.365000
0.040000
-0.255000
0.008000
-0.182000
0.370000
0.101000
-0.177000
-0.368000
-0.028001
-0.349637
-0.422105
0.053345
0.256457
0.400775
-0.400587
-0.119635
-0.014091
0.076552
0.449942
-0.514426
0.013801
-0.518146
0.026946
-0.171148
-0.448409
0.421893
0.137000
-0.091000
-0.037000
-0.451000
0.181000
