-0.289000
-0.434000
0.327000
0.083000
0.430000
0.065000
-0.418000
0.482000
0.331000
-0.265000
-0.210000
0.312000
-0.244387
0.301153
-0.052000
0.013000
-0.374000
-0.003000
-0.436000
-0.285000
-0.207000
0.407000
-0.063000
-0.082000
-0.162000
-0.076000
-0.430000
-0.317000
-0.155000
-0.172000
-0.441000
-0.017000
-0.279000
0.037000
0.060000
-0.151000
0.423000
0.383000
0.404999
0.346899
-0.188168
0.283106
0.482902
-0.101832
-0.294148
-0.013621
0.458537
0.319644
-0.348530
0.146957
0.329865
-0.017119
0.092000
-0.478000
0.233000
0.235000
-0.117000
0.327000
-0.001000
-0.439000
-0.410000
-0.365000
-0.400000
-0.021000
0.072997
0.405498
0.383149
-0.256601
-0.297521
0.308972
0.393319
0.343215
0.077990
-0.486235
-0.130023
-0.332628
-0.292465
-0.426370
-0.105962
-0.157297
0.060000
-0.367000
-0.048000
0.300000
0.103000
0.188000
-0.102000
0.375000
0.069000
-0.196000
0.489936
0.342670
0.054279
0.349657
-0.185748
0.368854
-0.363168
-0.385815
0.171609
0.034765
-0.239785
-0.338892
-0.086237
-0.508371
-0.065241
0.455903
-0.303677
0.217095
-0.362010
-0.075003
0.199000
0.270000
-0.486000
0.010000
-0.145000
-0.268000
0.264093
0.115755
0.186278
-0.318751
-0.320521
0.124506
0.109122
-0.053365
-0.620339
-0.361038
-0.867336
-0.731806
-0.545636
-0.791959
-0.049066
-0.168583
0.007507
-0.054764
-0.536547
0.101709
-0.373999
0.068641
0.253990
0.035000
0.403000
-0.055000
0.109000
-0.096506
-0.502818
0.280920
-0.060413
-0.513791
-0.466443
-0.606061
-0.905981
-0.583384
-0.994336
-1.018149
-1.737959
-1.830720
-2.208195
-1.594994
-1.328704
-1.179207
-0.570223
-0.965707
-0.056241
-0.069466
-0.308814
-0.537852
-0.273006
0.335000
0.077000
0.174076
-0.297697
-0.479890
-0.006144
-0.604804
-0.627709
-0.897900
-0.813785
-0.741557
-0.798760
-0.180184
0.140568
0.539884
1.285951
0.436552
0.553391
0.173634
0.556207
-0.149447
0.057471
-0.453831
-0.929387
-1.024944
0.000091
-0.404776
-0.197742
0.116988
0.467973
-0.455000
-0.187872
0.084325
-0.085841
-0.256757
-0.926506
-1.512796
-0.832241
-0.466303
-0.430840
0.425878
0.517534
1.266496
1.195773
1.871047
1.552184
0.718014
0.731614
0.047428
-0.117227
-0.582145
-1.317110
-0.956989
-0.986271
-0.653433
0.208800
0.252094
-0.435111
0.411976
-0.304158
-0.230573
-0.636404
-0.781502
-0.239429
-0.729468
-0.435114
-0.354866
-0.391562
-0.564991
-0.093545
0.303675
0.728862
1.232763
0.614391
-0.283383
-0.206993
-0.417322
-0.130223
-0.667738
-0.749427
-0.972880
-0.993896
-0.521327
-0.006803
0.313733
-0.026019
0.239766
0.155389
-0.526956
-0.203696
-0.418096
-0.459141
-0.465741
-0.387426
-0.416737
0.235261
-0.127703
-0.372275
0.085332
0.694634
0.440702
-0.005765
-0.329824
-0.199507
0.065769
-0.025701
-0.342725
-0.904088
-0.519741
-0.649358
-0.471714
-0.108877
0.155005
-0.381004
-0.410497
-0.292063
0.206630
-0.232847
-0.448375
0.154899
-0.143259
0.094218
-0.176273
0.075240
0.571282
-0.018363
-0.158241
-0.277476
-1.049151
-0.939605
-0.289244
0.013009
0.065066
0.162159
0.392982
-0.651471
-0.981124
-0.764711
0.128530
-0.180895
0.158103
-0.357097
-0.001173
0.275765
-0.757524
0.015988
-0.233903
0.212065
0.577866
1.160923
0.489255
0.408102
0.203118
0.114737
-0.019438
-0.670268
0.072662
0.033069
0.378646
0.470073
0.491785
0.426011
0.671416
0.261139
-0.281266
-0.152283
-0.522511
0.351021
0.317803
-0.197339
0.080501
-0.125734
0.191715
-0.658898
0.477914
0.480462
0.343748
0.338412
0.215500
0.123683
0.160450
0.343437
0.419591
0.356695
0.619378
0.458687
0.610982
0.983832
0.778481
1.077120
1.210525
0.265151
-0.150484
-0.634666
-0.552175
0.216816
-0.445359
-0.040001
-0.137885
-0.050133
-0.200777
0.015304
0.646561
0.541311
0.138482
0.281370
0.266085
0.236024
-0.019811
-0.419556
0.932640
0.676893
0.888832
0.602855
0.422212
0.292173
0.285217
0.563188
0.215159
-0.698602
-0.137933
-0.067037
-0.144362
-0.525099
-0.305447
0.319471
0.045927
-0.270623
0.157790
0.254807
0.093732
-0.011953
0.136105
0.410017
0.666021
0.088258
0.636473
0.681639
0.132308
0.203780
0.662302
0.734037
-0.012412
0.103040
-0.021579
-0.050430
-0.606392
-0.687749
-0.940940
-0.614084
0.282121
-0.509906
0.411955
0.219552
0.213946
-0.195654
0.215151
0.071440
0.414398
-0.292868
-0.051649
-0.113227
-0.245696
0.469798
0.676839
0.311602
0.037771
-0.339174
0.282800
0.191805
0.299307
0.162379
-0.319452
-0.699699
-0.597090
-0.778388
-0.637485
-0.098841
-0.018112
-0.328696
0.078759
-0.067000
-0.400113
-0.124427
0.039951
-0.165862
-0.724145
0.051478
-0.030020
0.172343
0.208829
0.469737
0.381507
0.570105
-0.288742
-0.634703
0.220927
0.138951
-0.170904
0.278580
-0.149493
-0.399333
-0.702779
-1.124407
-0.332958
-0.174318
-0.155935
0.362646
-0.104404
-0.083000
-0.089007
-0.143545
-0.479498
0.154250
-0.041195
-0.499811
0.070396
0.599040
0.568584
0.501260
0.503435
-0.083918
0.141568
-0.070346
0.017540
-0.065572
0.226330
-0.137371
-0.522178
-0.689414
-0.674255
-0.876706
-0.656215
-0.458867
0.089572
-0.325470
0.026380
-0.017574
-0.095000
-0.130152
-0.177317
-0.275857
-0.519007
-1.009591
-1.000395
-0.788192
0.609880
-0.026116
0.662130
0.059355
-0.442560
-0.434155
-0.007878
-0.415161
-0.316260
-0.380605
-0.137762
-0.043499
-0.864750
-0.477652
-0.998978
-0.525563
-0.473101
0.442504
0.095742
0.027000
0.304098
-0.221267
-0.617647
0.040620
-0.290218
-1.274185
-0.699967
-0.974486
-0.993074
-0.576103
-0.978994
-0.796700
-0.513610
-0.355766
-0.703292
-0.328591
-0.089578
-1.089213
-0.571904
-0.070714
-0.754914
-0.206737
-0.041036
-0.388669
0.079427
-0.094922
0.131994
-0.359000
0.167624
-0.101230
-0.518951
0.107322
-0.080830
-0.319007
-1.114250
-0.905340
-1.391350
-1.300853
-1.109152
-0.711386
-0.251931
-0.975763
-0.165996
-0.622461
-0.636126
-0.846015
-0.568106
-0.000652
-0.687217
-0.691241
-0.040670
0.385106
0.122886
-0.013344
-0.316000
0.302000
0.225718
0.221959
0.113122
-0.291857
-0.668930
-0.315820
-0.831557
-1.381531
-0.841531
-1.429796
-1.106016
-0.796325
-0.344652
0.083260
-0.229701
-0.932903
-0.305525
-0.591415
-0.180444
-0.478893
-0.015136
0.160704
0.003029
0.095576
-0.298909
0.013434
-0.439000
-0.333000
0.102952
-0.344797
0.404826
-0.341736
-0.628246
-0.358705
-0.840050
-0.811945
-0.428619
-0.197568
-0.539189
-0.474153
-0.893527
-0.869158
-0.636406
-0.673707
-0.663952
-1.005472
-0.237966
-0.362085
-0.080453
-0.187939
0.460934
-0.246160
-0.279751
0.453450
-0.261000
0.225000
-0.375000
0.031404
-0.326139
-0.111677
0.088808
-0.305696
-1.100577
-0.779881
-0.110127
-0.394059
-0.526566
-0.637903
-0.466197
-0.707892
-1.172633
-0.878437
-0.751069
-0.497788
0.199703
0.275703
0.315382
0.400570
0.427100
-0.085195
0.104940
0.163524
0.235000
-0.281000
0.171000
0.163989
0.097936
0.056464
0.275029
-0.753831
0.035832
-0.251067
-0.002460
-0.300421
-0.752779
-0.514130
-0.759469
-0.378114
-0.033344
-0.383977
0.161587
0.154772
0.617292
0.779616
1.133119
1.172017
0.535866
-0.350938
0.185335
-0.087160
-0.204000
-0.232000
-0.154000
-0.136831
0.232570
0.184782
-0.009933
0.282690
0.270302
0.299714
0.094892
-0.164571
0.103070
0.559076
0.214251
0.091363
0.308560
0.592251
1.258266
1.243383
1.277845
1.456195
1.036391
0.639670
0.222077
0.391125
-0.400525
-0.085231
0.274000
-0.444000
0.177000
0.372000
0.236125
-0.491527
0.389468
-0.151299
-0.245606
0.030846
0.364623
0.193091
-0.638827
0.194927
0.454633
0.759792
0.274111
0.678229
0.064271
0.948821
0.577447
0.407465
0.758466
0.439782
-0.169369
-0.134629
0.280000
0.318000
0.228000
-0.211000
0.213000
0.441000
-0.277000
0.296000
0.230995
0.340104
-0.269452
-0.369201
0.136134
0.073743
-0.125270
-0.148557
0.169225
0.407016
-0.062430
0.085063
-0.268118
-0.492687
0.304128
0.423592
-0.084897
0.018357
0.382999
0.033000
0.282000
0.012000
-0.064000
