0.010144
0.009848
0.009848
0.010301
0.010000
0.010000
0.010301
0.010000
0.010000
0.010144
0.009848
0.009848
0.010301
0.010000
0.010000
0.010301
0.010000
0.010000
0.010144
0.009848
0.009848
0.010301
0.010000
0.010000
0.010301
0.010000
0.010000
0.010144
0.009848
0.009848
0.010301
0.010000
0.010000
0.010301
0.010000
0.010000
0.010144
0.009848
0.009848
0.010301
0.010000
0.010000
0.010301
0.010000
0.010000
0.010001
0.010001
0.010001
0.010001
0.010001
0.010001
0.010001
0.010001
0.010001
0.010001
0.010815
0.010815
3.595552
