-0.207000
-0.401000
-0.168000
-0.456000
-0.169000
-0.425000
-0.496000
-0.450000
-0.474000
-0.434000
0.238000
0.301000
0.123000
0.343000
-0.059000
-0.120000
0.195000
0.418000
0.159000
-0.137000
0.128000
-0.171000
-0.412000
0.354000
0.113000
0.479000
0.069000
0.166000
0.179000
0.077000
0.337000
-0.098000
-0.385000
-0.208000
0.223000
0.371999
-0.052110
-0.177255
-0.355191
0.401842
-0.134214
-0.330195
-0.003409
0.361512
-0.120582
0.456532
0.145806
0.280998
-0.298000
0.110000
0.309579
-0.269737
0.205000
0.465000
-0.477000
0.269000
0.215000
-0.247000
0.305000
0.184000
-0.022000
-0.355000
0.339998
0.330797
-0.247261
0.362689
0.334315
0.298390
-0.021213
0.259961
-0.329639
-0.386078
-0.560533
-0.351365
0.337455
0.355121
0.466021
0.400649
-0.211619
0.115131
0.360000
-0.029000
0.027000
-0.363000
-0.157000
0.268000
-0.267000
0.495000
-0.329000
0.102994
0.439918
-0.518608
0.316965
-0.532665
-0.246297
-0.265251
-0.268289
-0.673023
-0.604310
-0.583806
0.180683
0.156844
-0.469360
-0.107932
-0.328098
-0.286001
0.196780
-0.031836
-0.278610
-0.407000
-0.065000
-0.276000
-0.406000
0.082000
0.367000
0.127000
-0.490536
-0.355937
0.150417
0.019610
-0.019974
-0.418317
0.035449
-0.125786
-0.381842
-0.091859
-0.381325
-0.508576
-0.712679
-0.450912
0.121965
-0.368437
-0.380653
0.071192
-0.530307
0.064841
0.283227
-0.494012
-0.132000
0.141000
-0.165000
0.198000
-0.175001
-0.184937
-0.450610
-0.172690
0.057453
-0.155399
-0.281030
-0.332624
-0.554303
-0.569375
0.110782
-0.862882
-0.597678
-0.015190
-0.226119
-0.034836
-0.084607
0.343750
0.212511
0.421901
0.361173
-0.132191
0.014549
0.029806
0.395311
-0.028067
-0.050000
-0.259000
0.140490
0.175026
0.105199
-0.219202
0.161043
0.251948
0.018020
-0.281954
-0.134117
0.371511
-0.555676
-0.742218
-0.603950
-0.949977
-0.457259
-0.337218
0.227166
0.408224
-0.560727
0.533768
0.437845
0.445100
-0.070887
-0.361045
0.195414
-0.113829
0.442997
0.392987
0.138984
-0.474341
0.458075
-0.478176
0.251665
-0.004726
0.170729
0.106016
-0.424094
-0.029785
-0.248050
-0.691324
-1.383912
-0.851695
-0.637326
0.267265
-0.329709
0.348671
-0.395127
0.190138
0.758113
0.115836
-0.177501
-0.530360
0.209072
-0.233632
0.250987
-0.481018
0.490526
-0.363729
0.254813
0.270529
-0.507985
-0.403138
-0.206628
0.151451
0.115293
-0.454609
-0.622028
-0.299203
-1.109591
-1.020640
-0.236848
-0.797284
-0.057494
-0.142232
-0.133668
-0.019580
0.026919
0.203908
-0.435762
0.308022
0.111275
-0.292131
0.083998
-0.338184
0.478627
-0.086636
-0.259290
-0.549553
-0.004446
-0.272957
-0.592620
0.103671
-0.056595
0.003831
-0.493924
-0.308107
-1.021118
-0.910112
-0.043327
-0.322184
-0.183148
-0.353649
-0.352907
0.326485
-0.139151
-0.417237
-0.514801
-0.127954
-0.110375
-0.333929
-0.473000
-0.353419
0.469101
-0.222940
-0.257692
-0.043215
0.049896
0.175048
-0.385541
-0.437643
-0.179704
0.101099
-0.365071
-0.144311
-0.995871
-0.010878
0.224926
0.335732
-0.623344
0.091756
-0.072487
-0.118256
0.081654
0.141556
-0.232392
-0.339771
-0.431768
-0.282740
0.365000
0.332951
-0.278320
0.365450
-0.250958
-0.204358
-0.292319
-0.344206
-0.110614
-0.251672
-0.269384
0.374634
-0.337606
-0.674421
-0.679234
-0.072562
0.046314
-0.400386
-0.257076
0.120880
-0.239771
-0.277757
0.082919
0.185747
0.126122
-0.315100
-0.344045
-0.155000
-0.149000
0.422953
-0.386111
0.057093
-0.354253
0.202283
-0.001132
0.160342
0.374473
0.560518
0.441274
1.014982
0.552614
-0.023337
-0.095552
-0.170434
0.357128
0.325608
-0.137663
-0.260939
0.281255
-0.242478
-0.123785
-0.539041
-0.272782
0.406841
-0.275853
0.055000
-0.398000
-0.214002
-0.042128
0.198840
0.563309
-0.224219
0.031542
0.691499
0.445912
0.613458
0.512693
0.491244
-0.003368
-0.334130
0.330669
-0.283596
-0.253733
0.232371
0.164161
0.386445
0.110237
0.149388
0.369771
-0.078692
-0.587925
0.153859
0.248625
-0.103000
0.251000
-0.498998
-0.066779
0.228148
-0.234935
0.466420
0.546273
0.333743
0.438931
-0.036343
0.591451
0.308310
0.560202
-0.117092
-0.742320
0.183930
0.463918
0.539337
0.509920
0.110802
0.550200
-0.377877
0.157037
-0.116939
0.237423
0.436644
0.040421
-0.220000
-0.255000
-0.372000
-0.437996
-0.024136
0.397428
0.218188
-0.102700
0.161676
0.924876
0.325291
0.078963
0.290831
0.455485
0.052957
0.093875
0.526102
0.106330
0.452892
-0.015064
-0.034733
0.544746
-0.243045
-0.325484
-0.561393
-0.082035
-0.501452
-0.518452
0.386052
-0.112000
0.175000
-0.358198
-0.092395
-0.350748
0.003087
0.234187
0.685495
0.510056
0.104823
0.466236
-0.253106
-0.125936
-0.297596
-0.191818
0.218143
0.782666
0.512527
0.663289
0.228147
-0.263660
-0.498382
-0.425225
-0.254005
-0.196389
0.251107
0.074144
0.112096
0.182000
0.483000
-0.153973
-0.339810
-0.472593
-0.543605
0.135796
0.620842
0.427272
0.379401
0.093807
-0.156455
0.482015
0.613152
0.755673
0.740588
0.226430
0.199264
-0.182691
-0.391848
-0.337141
-0.504869
-0.723871
-0.164394
-0.133226
-0.462899
-0.532363
0.306364
0.320000
0.335000
0.145159
0.061927
0.197996
-0.055044
0.092977
-0.586269
-0.119577
-0.343604
-0.161617
-0.677146
-0.006230
0.539017
0.076440
-0.035440
-0.143134
0.132379
-0.363411
-0.499664
-0.640582
-0.305706
-0.968815
0.041842
-0.255736
-0.053844
-0.422765
-0.341490
-0.378000
-0.447000
-0.125545
0.188387
0.073976
-0.459682
0.080883
-0.914237
-0.241043
-1.018559
-0.725325
-0.886402
-0.619213
-0.093592
-0.308419
0.021691
-0.177937
-0.391993
-0.610946
-0.350133
-0.081588
0.056297
-0.032471
0.116909
-0.256149
-0.174850
-0.072001
0.295000
0.242000
-0.463000
-0.028370
0.158433
-0.606441
0.049768
-0.361428
-0.874379
-0.592524
-0.342097
-0.350728
-0.487884
-0.617730
-0.559869
-0.651810
-0.648102
-0.638523
-0.418450
-0.419992
-0.723933
-0.009968
-0.121775
-0.671758
0.122787
0.146478
0.393963
0.409000
0.341000
-0.370000
-0.410000
-0.491489
0.351585
-0.321872
-0.191837
-0.230001
-0.678730
-0.198834
-0.895998
-0.426666
0.115194
0.174964
0.238429
-0.004986
-0.265069
-0.470087
-0.189991
0.371400
-0.221745
-0.210592
-0.483274
0.079949
-0.578814
0.174332
-0.487967
0.041000
-0.275000
0.036000
0.480000
0.215524
-0.037472
-0.145579
0.083688
-0.489761
0.020130
-0.712011
-0.093045
-0.176548
-0.288693
-0.334770
-0.490283
-0.475981
-0.182415
-0.035342
0.432564
0.027201
0.270358
0.252932
-0.061958
-0.437094
-0.259903
-0.400122
-0.224068
0.357000
0.178000
-0.301000
0.174000
-0.345000
-0.318494
0.455956
0.248659
0.164935
0.269028
0.191731
-0.376042
0.404651
0.126305
-0.268814
-0.209375
-0.070091
-0.076277
-0.263976
0.227158
-0.101096
0.463731
-0.264160
-0.201274
0.062530
-0.161052
0.287133
0.322431
0.379000
-0.199000
0.312000
0.176000
-0.336000
-0.148877
0.062493
-0.480090
-0.174052
-0.378507
0.051818
-0.291196
-0.283210
0.164213
0.254845
-0.443428
0.053607
0.251898
0.207978
-0.148772
-0.080375
0.363842
0.035052
-0.092523
-0.484800
-0.170948
0.065097
0.477000
0.175000
0.113000
0.209000
-0.129000
0.142000
-0.161000
-0.164006
0.120809
-0.022416
-0.539473
-0.398114
-0.189775
-0.192832
-0.189258
-0.077326
-0.477606
-0.091257
-0.505233
-0.664326
-0.562956
-0.659302
-0.551245
-0.016290
-0.087966
0.056914
-0.476446
0.227364
0.271000
-0.187000
-0.118000
-0.360000
0.316000
-0.012000
-0.181000
0.088991
0.010262
-0.286226
0.283791
-0.290065
-0.323072
-0.298787
-0.584598
-0.613964
-0.524179
-0.048798
-0.263002
-0.112803
0.051894
-0.548865
0.110188
0.071652
0.038643
0.003388
0.040782
-0.084000
-0.123000
-0.448000
0.065000
0.391000
-0.362000
-0.190000
0.467000
-0.445000
0.286913
-0.276725
-0.279038
-0.061229
-0.059004
0.147191
0.281893
0.303185
-0.145702
-0.097076
0.346497
0.154551
0.447113
-0.349118
-0.390597
0.106605
-0.285559
0.228314
-0.482000
-0.485000
0.474000
-0.248000
0.346000
