-0.077000
0.390000
0.217000
0.140000
0.203000
0.066000
0.383000
0.161000
0.159000
-0.255000
-0.114000
0.151000
0.265000
0.101000
0.340000
-0.291000
-0.003000
-0.217000
-0.250000
-0.442000
-0.079000
-0.325000
0.081000
0.287000
-0.229000
-0.213000
0.499000
0.004000
0.479000
-0.362000
0.200000
0.030000
-0.039000
-0.382000
-0.295000
0.040000
0.328000
-0.041000
0.121999
-0.102001
0.259999
-0.402000
0.434992
-0.019019
0.113950
0.066995
-0.007000
0.096000
-0.339000
0.246000
0.038000
0.170000
0.038000
-0.024000
0.055000
0.417000
-0.129000
0.260000
0.252000
0.258000
-0.067000
-0.245000
-0.435000
0.226000
-0.099000
-0.466001
0.258991
-0.107321
0.045197
-0.233178
0.277510
-0.321509
0.419540
-0.372506
-0.406064
0.188632
-0.302022
0.179623
0.163265
0.127000
-0.002000
0.489000
-0.252000
0.379000
0.147000
-0.351000
0.431000
0.169000
0.375000
0.100523
-0.038905
-0.053729
0.109421
-0.341925
0.045347
0.342619
-0.153293
0.591447
0.054770
-0.135459
0.419643
0.312725
-0.097146
0.162934
0.287596
0.386458
-0.237973
-0.292386
0.184000
0.292000
0.167000
-0.452000
-0.031000
0.430000
0.311000
0.323296
-0.363443
0.002330
0.346742
0.298246
0.385276
0.281700
0.088441
0.275577
-0.071767
0.290517
0.383298
0.311272
0.308868
-0.174230
-0.545975
0.126993
-0.363560
0.277358
-0.619204
-0.495737
-0.013634
-0.434479
-0.088000
0.340000
0.070000
0.176000
-0.105003
0.172534
0.544181
0.359912
-0.084747
0.090712
-0.098038
-0.090880
0.221572
-0.156103
0.321025
0.346476
-0.053662
-0.283522
0.074185
-0.268636
0.082796
-0.537168
-0.372005
-0.134787
0.008166
0.135391
-0.149519
0.126727
0.388916
-0.022000
0.383000
0.425000
-0.232502
-0.209337
-0.359435
0.531576
0.573255
0.565823
0.169939
0.588305
0.415552
-0.232480
0.024107
0.456513
-0.053961
0.052640
-0.245236
0.293015
-0.429810
0.044257
-0.269454
-0.618343
-0.853231
-0.796931
0.183333
-0.438838
-0.218491
0.324995
0.217870
0.090040
0.213023
-0.398327
0.648237
0.610117
-0.144907
0.324614
0.164634
0.071996
-0.475822
0.364739
-0.255776
0.032118
-0.036783
0.613892
0.440995
0.367679
0.135947
-0.172138
-0.454731
-0.159225
-0.675076
-0.357106
-0.048068
-0.611840
0.270735
-0.020003
-0.262529
0.396237
0.041086
0.168430
-0.156408
-0.023153
-0.173327
-0.229556
-0.213274
-0.537666
-0.218201
-0.536073
0.139454
-0.060580
0.518701
-0.242988
0.302507
-0.025639
0.263770
0.185029
-0.030138
-0.146572
-0.018468
-0.388938
0.008781
0.164600
-0.498299
-0.052000
-0.405086
0.183616
-0.484974
-0.322920
-0.007511
0.441759
-0.244659
0.117209
-0.658425
-0.052077
-0.743159
-0.325035
-0.336764
-0.193481
-0.575295
0.515161
-0.259250
0.500831
-0.122198
-0.070380
0.389726
-0.588988
0.090820
-0.061077
0.007970
0.031526
0.023514
0.456999
0.259000
0.199939
-0.056915
-0.458092
-0.442561
0.113109
-0.296126
-0.767333
-0.395195
-1.007823
-1.091925
-1.007120
-0.675610
0.166865
-0.217873
0.342452
0.708266
0.301368
-0.168297
0.291531
0.331093
0.325796
-0.562806
-0.248786
-0.522248
-0.317037
-0.395003
-0.088000
0.265000
0.266038
-0.120124
0.069297
0.074849
-0.046312
-0.044712
-0.247887
-0.413204
-0.547387
-1.157116
-0.390699
-0.237914
0.345994
1.117492
0.322270
-0.084284
0.340871
0.139660
-0.070224
-0.429615
-0.582573
-0.119734
-0.521464
0.382868
-0.009494
-0.432002
-0.134000
-0.398000
-0.071299
0.071408
0.208630
-0.311613
-0.450101
0.005931
-0.749594
-0.633182
-0.143436
-0.247790
-0.259781
0.534488
0.797109
0.404584
0.441011
0.059936
0.295829
0.115791
0.278223
-0.429856
-0.150290
-0.169988
-0.613261
-0.210591
-0.396007
0.446000
-0.444000
0.009000
0.314649
0.177798
0.198788
-0.075873
-0.063919
-0.239044
-0.690731
-0.774032
0.096191
-0.464794
-0.371497
0.585980
0.278228
0.674960
0.302360
0.046864
-0.326229
-0.089274
0.092450
-0.289344
-0.155309
-0.068787
-0.606142
-0.121155
0.458987
-0.249000
0.238000
-0.130000
-0.384775
-0.013452
-0.541704
-0.014269
0.209391
-0.833976
-0.486762
0.123654
-0.156817
0.210651
-0.314301
0.071184
0.456668
-0.168947
-0.132136
0.077110
-0.102054
0.275442
-0.053284
-0.176043
-0.269314
0.007546
-0.331188
0.001782
0.031920
0.261000
-0.031000
0.003000
0.228565
-0.380049
0.351005
-0.137520
0.191849
-0.546612
-0.408289
-0.403115
-0.270086
-0.195899
0.025012
0.027183
0.042353
-0.068646
-0.303369
-0.151515
0.207414
-0.133349
0.190510
0.172253
-0.165926
0.194209
0.398870
-0.008820
0.015391
-0.272713
-0.011000
0.266000
0.398398
0.340267
0.201748
-0.026442
0.022388
-0.286920
-0.423319
-0.547030
-0.643462
-0.295706
-0.030250
-0.456509
-0.378235
-0.304027
-0.284097
-0.231171
-0.293124
0.373194
0.059355
0.155179
0.192443
0.114622
-0.362195
-0.068820
0.315923
0.253684
0.419000
0.131000
0.238652
-0.107789
0.526829
-0.174299
-0.322935
-0.639843
-0.754789
-0.760771
-0.517056
-1.173743
-0.741882
-0.497781
-1.219497
-0.829294
-0.784816
0.171218
0.500631
0.643445
0.831467
-0.105272
0.244159
0.048234
0.122860
-0.455568
-0.199514
0.113930
-0.329001
0.292000
0.464008
-0.205713
0.769607
0.689272
0.172268
0.018331
-0.544572
-0.436498
-0.886665
-0.856294
-1.112710
-1.074343
-0.525165
-0.666878
-0.279894
-0.197935
0.145956
0.192937
0.482934
0.067490
0.478472
0.365321
0.035727
0.402285
0.359742
-0.195261
-0.343023
-0.070000
-0.377000
0.041398
-0.045573
0.345640
0.487225
0.287259
-0.058368
0.173225
-0.616268
-0.416640
-0.305013
-0.971315
-0.784560
-0.254458
-0.425204
-0.158695
0.208445
-0.075338
0.058083
0.285460
0.023765
-0.133857
-0.204586
0.313378
0.060931
-0.061715
0.435982
0.367000
-0.471961
-0.011032
0.806363
0.944689
0.770409
-0.169804
-0.027301
0.389604
0.265760
-0.260344
-0.205809
-0.246915
-0.515479
-0.570976
-0.002078
-0.064066
-0.253559
0.403989
0.383364
0.029836
0.326487
-0.181392
0.131871
-0.346982
0.151848
-0.460788
-0.385000
0.092000
-0.188928
0.206510
0.140298
-0.033025
0.162033
0.174091
0.115772
0.088651
0.115055
-0.213188
0.304621
-0.055503
0.436031
-0.014540
-0.002881
0.070310
0.065000
0.196791
-0.029392
0.423525
0.386412
0.415176
-0.343251
0.356865
0.107942
-0.381747
-0.021000
0.216000
-0.200000
-0.083976
0.430490
0.153257
0.589026
0.377325
0.351811
0.362096
0.363741
-0.204195
-0.233961
-0.000875
-0.296374
0.070453
-0.096505
-0.185303
-0.011112
-0.007635
0.194917
-0.017706
-0.031410
0.091576
-0.190740
-0.496166
0.184665
-0.230062
-0.171000
-0.239000
0.360000
-0.291501
0.503975
-0.219055
0.121299
0.592491
0.599234
0.347380
0.343395
-0.043336
-0.007413
0.339017
0.008161
0.287509
-0.117938
0.193728
0.009211
0.164840
-0.095743
-0.411952
-0.520301
-0.431869
-0.253973
0.092887
0.342928
0.193000
-0.034000
0.451000
-0.360000
-0.406000
0.441117
-0.276920
0.104400
-0.210145
0.372270
0.470649
0.447017
-0.014191
-0.271582
-0.274565
0.029378
0.108299
-0.301682
0.028923
-0.267005
-0.060416
0.117863
0.139876
0.161848
0.307795
-0.317962
0.068995
-0.380000
-0.107000
-0.208000
0.462000
-0.286000
0.027000
0.307003
-0.298136
0.234981
0.255575
-0.436022
0.413442
0.153833
0.186908
-0.343391
0.314572
0.174107
-0.185921
0.283102
0.202731
-0.551964
0.251089
0.084540
-0.059343
0.413345
-0.265513
-0.373007
0.133000
-0.260000
0.362000
-0.373000
0.077000
0.317000
-0.160000
-0.358005
-0.400053
-0.100177
0.055605
-0.028088
-0.360812
0.387627
-0.077407
0.316264
-0.273261
-0.058950
-0.012241
0.287497
0.330473
-0.511711
-0.296836
-0.307323
0.242229
0.379972
-0.247004
-0.207000
-0.179000
0.285000
0.028000
-0.057000
-0.500000
0.055000
0.171000
-0.230000
-0.048000
-0.125286
0.130180
0.138499
0.432852
-0.460016
0.485913
0.327024
-0.261137
0.036674
0.262951
0.291052
-0.189381
-0.238036
-0.448012
0.230996
0.487000
-0.036002
0.056999
-0.252000
0.056000
-0.330000
-0.050000
-0.318000
