0.010139
0.010005
0.010005
0.010134
0.010000
0.010000
0.010134
0.010000
0.010000
0.010139
0.010005
0.010005
0.010134
0.010000
0.010000
0.010134
0.010000
0.010000
0.010139
0.010005
0.010005
0.010134
0.010000
0.010000
0.010134
0.010000
0.010000
0.010139
0.010005
0.010005
0.010134
0.010000
0.010000
0.010134
0.010000
0.010000
0.010139
0.010005
0.010005
0.010134
0.010000
0.010000
0.010134
0.010000
0.010000
0.010001
0.010001
0.010001
0.010001
0.010001
0.010001
0.010001
0.010001
0.010001
0.010001
0.010781
0.010781
-5.596213
