0.024000
0.466000
0.081000
-0.356000
-0.260000
-0.166000
-0.204000
0.376000
-0.473000
-0.295000
-0.482000
-0.209000
0.141000
-0.035000
-0.309000
-0.029000
-0.241000
0.200000
-0.283000
-0.484000
0.443000
0.124000
-0.436000
0.005000
-0.343000
0.002000
0.166000
-0.225000
-0.454000
0.132000
0.289000
-0.454000
-0.355000
-0.497000
-0.348000
0.401000
-0.174000
-0.347000
-0.316000
0.149000
-0.150000
-0.095002
-0.154015
-0.475019
0.469998
-0.164002
0.294996
0.292594
-0.178446
0.031641
0.356000
0.396000
-0.290000
0.276000
0.192000
0.050000
-0.210000
0.295000
0.352000
-0.150000
-0.185000
-0.464000
-0.139000
0.260000
0.483998
0.227930
0.029338
-0.462088
-0.453650
0.256267
0.357799
-0.017515
0.127377
-0.056837
-0.395823
-0.461332
-0.449940
-0.165143
-0.089835
-0.399000
0.110000
-0.050000
0.482000
0.121000
-0.307000
-0.462000
0.254000
0.093000
0.395000
-0.220064
0.137621
-0.334273
-0.098570
-0.219183
0.281616
0.209413
0.055948
0.107855
-0.371792
-0.109015
-0.505803
0.073800
-0.472392
0.223860
-0.467020
0.216741
0.194667
0.158203
0.133100
-0.248000
-0.355000
0.361000
-0.349000
-0.182000
0.463000
0.313000
0.406757
0.053440
-0.035636
0.055885
-0.376919
-0.152230
-0.307887
0.433202
-0.141511
0.070380
-0.018939
0.042782
-0.104280
0.326249
-0.130974
-0.443669
-0.145356
0.346603
0.101027
0.569678
-0.344738
-0.106629
-0.334986
0.446000
0.040000
-0.203000
-0.458000
-0.037221
-0.319983
0.016976
-0.397918
-0.041382
-0.446296
-0.410627
-0.394395
-0.109971
-0.005981
-0.179547
-0.397552
-0.721787
-0.210031
0.230577
-0.077717
0.062258
0.159676
0.623454
-0.149854
0.739724
-0.012411
0.142704
0.103483
-0.303000
0.009000
0.152000
-0.429005
0.154375
-0.444687
0.177368
0.249870
0.196287
0.116151
-0.462622
-0.213199
-0.409697
0.091521
-0.262210
0.195335
0.312722
-0.302157
-0.008438
-0.253940
0.195181
-0.161018
0.638184
-0.015844
0.505284
0.862139
-0.064063
-0.212904
-0.240323
0.205993
0.347723
-0.425048
-0.480435
-0.467063
-0.103224
0.010044
0.108277
-0.527539
0.078204
-0.225935
0.214121
0.118679
-0.467374
-0.373116
-0.066888
-0.205470
0.092309
-0.161788
-0.211121
0.429042
-0.122725
0.503128
0.630411
0.753241
0.285614
-0.221377
0.179145
0.235970
0.054959
0.132774
0.417986
0.296393
-0.406436
0.167114
-0.374565
0.066379
0.503029
0.467879
0.004852
-0.106367
0.025134
-0.158629
-0.459221
-0.505429
-0.157410
0.592232
0.046789
0.430972
0.694785
0.377952
1.024632
0.911447
1.213225
0.058980
-0.250730
0.117995
-0.430022
0.130136
-0.479345
-0.294513
0.316238
0.391830
0.253986
0.333732
0.209521
-0.081408
0.365855
0.234882
-0.010763
0.053661
-0.541374
-0.137096
-0.281286
-0.042773
0.443463
0.335006
0.049979
0.250367
0.353608
0.652244
0.224961
0.054707
-0.030435
0.223000
-0.163025
0.152427
-0.341035
-0.330467
-0.180320
-0.027040
0.520294
0.220963
0.395740
0.062239
-0.180975
-0.244605
0.001895
-0.314835
-0.503751
-0.464997
-0.851154
-0.403731
-0.621557
-0.887513
-0.608768
-0.792334
-0.071203
-0.387040
0.128127
0.027004
-0.398523
-0.317000
0.297985
0.391863
0.332841
0.305716
-0.239383
-0.344034
0.137251
0.189594
0.207724
0.624531
0.694109
0.019955
-0.085616
-0.334662
-0.766599
-0.547316
-1.184193
-1.497812
-0.805621
-1.281465
-1.206394
-1.419071
-1.001922
-0.644411
0.480155
-0.326753
0.269000
0.175000
0.416993
-0.113088
-0.489412
-0.467746
-0.142263
0.179068
0.046137
0.265543
0.389559
-0.069937
0.719674
0.986525
0.062774
-0.017907
-0.306253
-0.416446
0.229708
-1.017676
-0.888973
-0.691763
-0.597344
-0.397431
-1.027041
-0.750141
0.098494
-0.414963
0.252000
0.021000
-0.240001
0.480302
0.112182
0.131758
0.260131
-0.421353
0.331738
-0.041945
0.166978
0.002879
0.602678
0.474541
-0.171345
0.515604
-0.112928
-0.593432
-0.299216
-0.295228
-0.228434
-0.588619
-0.614694
-0.593107
-0.897920
-0.448836
0.372335
0.154000
-0.141000
-0.420000
-0.202000
-0.109004
0.430530
-0.063287
-0.173876
-0.052760
-0.678164
0.251563
-0.140112
0.480901
0.641614
0.502660
0.145343
-0.252097
-0.237180
-0.004269
-0.432208
0.480229
-0.151966
-0.092199
-0.393368
-0.460548
-0.572998
-0.595325
-0.102536
-0.302656
0.126000
-0.136000
-0.415000
0.164995
0.407679
-0.210979
-0.449816
-0.244399
-0.734554
-0.680286
0.389406
0.020364
0.182971
0.015823
0.087317
-0.192668
-0.355751
-0.626901
-0.357826
0.105577
-0.084836
-0.036089
-0.364972
0.044729
0.064616
0.116883
-0.228151
0.063005
0.262000
-0.027000
0.181000
0.469377
-0.298305
-0.423498
-0.101555
-0.514723
-0.219788
-0.517128
-0.689092
0.109440
-0.021130
-0.023400
-0.213823
-0.437599
-0.047618
-0.115530
-0.040849
-0.006829
0.259508
-0.201385
-0.224079
-0.457232
-0.144994
0.210270
-0.069462
0.432554
-0.222000
-0.094000
-0.073000
-0.188224
0.063432
-0.107053
-0.332671
-0.628759
-0.166231
-0.746204
-0.206022
-0.972585
-0.527597
-0.648669
-0.401933
-0.520393
-0.315340
0.159898
0.115917
-0.516038
-0.416411
-0.072426
0.521877
-0.194346
-0.200743
0.269582
-0.283828
0.348425
0.378972
0.019000
-0.374000
0.292118
0.086937
-0.053743
-0.101587
0.101880
-0.199996
-0.468344
-1.046365
-1.099924
-0.696840
-0.419308
-0.011208
-0.059193
0.257541
0.217614
-0.385870
0.108649
0.306055
-0.057495
0.483128
0.333930
0.271763
0.133118
-0.485057
-0.241547
-0.187012
-0.065000
-0.472000
-0.398509
-0.033923
0.344693
-0.196866
0.393720
0.241578
-0.261689
-0.179944
0.006213
-0.487046
-0.170839
-0.298543
0.122463
-0.048213
-0.059698
0.215728
-0.240129
-0.329349
-0.335364
-0.305793
-0.186901
0.182956
-0.210178
0.221138
0.483000
-0.269000
0.003000
-0.268000
-0.199399
0.088368
-0.065692
-0.281498
0.021221
0.332953
0.588885
0.618314
-0.091834
0.221824
-0.197868
-0.380584
-0.120450
-0.193089
-0.360769
-0.448445
-0.346005
-0.075864
-0.051579
0.028049
-0.253105
0.556448
-0.399165
0.482865
-0.136000
-0.235998
0.214000
0.246000
-0.111842
-0.082968
-0.284904
-0.360011
0.001793
0.217104
-0.125900
0.129684
0.143178
0.302802
-0.075439
0.454575
0.028805
-0.543405
-0.443389
0.281099
-0.013902
0.309902
-0.156964
0.530287
-0.222401
0.094495
-0.282737
-0.466143
-0.186005
-0.044000
-0.353000
-0.344000
-0.371635
-0.164090
0.216296
-0.387692
0.024378
-0.208434
0.029948
-0.213652
0.067078
-0.038848
-0.251478
0.022261
0.145649
0.251663
0.065884
0.017696
0.248917
0.123283
0.162813
0.176120
0.416055
0.171351
-0.309637
-0.084000
0.327000
-0.331000
0.123000
0.399000
0.012274
-0.093984
0.121876
-0.118968
0.236187
-0.058272
0.157011
0.146063
0.071957
0.213506
-0.230789
0.448453
0.575147
0.196280
-0.336213
-0.303371
-0.458199
-0.229731
0.417862
-0.358438
0.194222
-0.475395
0.112757
0.023999
-0.371000
-0.058000
0.484000
0.372000
-0.451000
-0.098995
-0.440241
0.089410
-0.297539
0.191327
-0.172741
0.178805
0.141919
0.326033
0.173536
-0.427444
0.130942
-0.101782
-0.263743
0.256365
0.425928
-0.074232
-0.287190
0.290452
-0.104820
0.366903
0.275207
0.372999
-0.440000
-0.325000
-0.426000
0.485000
0.001000
0.122000
-0.301827
-0.131659
-0.525851
0.117556
-0.350266
0.444184
0.535046
-0.389909
0.372114
-0.444396
-0.583054
-0.219122
0.399321
0.315161
-0.409283
0.251250
0.246871
-0.421863
0.404991
-0.211635
-0.247123
0.479000
-0.201000
-0.178000
0.402000
0.102000
-0.131000
0.153565
0.226079
0.231958
-0.118128
-0.299280
-0.373144
-0.134255
-0.431188
0.412120
-0.230262
-0.079235
-0.019921
-0.203811
-0.006940
-0.201253
-0.092732
0.180043
-0.332632
0.158307
-0.356016
0.158999
0.461000
0.407000
0.076000
-0.028000
0.145000
0.092000
0.472000
0.128000
-0.304000
0.310670
0.034137
0.334009
-0.271519
0.210395
0.023715
0.453617
-0.348389
0.242165
0.113440
-0.207433
0.222350
-0.382839
0.020206
-0.095815
0.481253
-0.055470
0.073981
0.191000
0.088000
0.038000
0.164000
-0.396000
