0.443000
-0.273000
0.014000
-0.210000
-0.084000
0.301000
-0.161000
0.044000
-0.264000
-0.488000
-0.226000
-0.067000
0.240000
-0.099000
-0.317000
-0.365000
0.328000
0.133000
-0.063000
-0.366000
0.077000
0.171000
0.222000
-0.237000
0.159000
0.040000
-0.132000
-0.218000
0.348000
-0.134000
-0.210000
-0.273000
-0.042000
-0.429000
-0.394000
-0.195000
-0.499001
-0.066003
0.269998
0.055000
0.006074
-0.203256
0.227772
-0.434539
0.302470
-0.061069
-0.306071
-0.012302
0.163888
0.172999
-0.452001
-0.142000
-0.220000
-0.013000
0.264000
0.213000
-0.487000
-0.048000
-0.330000
0.478000
0.266000
0.204000
-0.084000
0.149000
-0.123001
0.336974
0.036933
-0.044173
-0.096795
0.413457
-0.480949
-0.033569
0.391432
-0.182078
0.338133
-0.397942
-0.212955
-0.055115
-0.318430
0.134143
-0.407379
0.435966
0.346000
-0.262000
-0.044000
-0.097000
0.214000
0.099000
-0.459000
0.425000
-0.426293
-0.177121
-0.161221
0.323543
0.179795
-0.372602
-0.082801
-0.463495
-0.345987
-0.621394
-1.064561
-0.889086
-0.407329
-0.026611
-0.330784
-0.392609
-0.398531
0.232460
-0.014492
-0.029095
-0.232001
0.213000
0.166000
-0.470000
0.306146
-0.391000
-0.212259
-0.436910
0.172224
-0.016410
0.146166
-0.587956
-0.163504
-0.185299
-0.255151
-0.387937
-0.208426
0.111487
-0.387791
-0.463404
-0.851819
-0.445192
-0.279739
-0.831376
-0.170362
0.142191
0.184631
-0.008697
-0.350170
0.015178
-0.382000
-0.257000
-0.112001
-0.006779
0.202808
-0.448888
0.167158
-0.278469
-0.784620
-1.017310
-0.721229
-0.571699
0.178041
0.305005
0.219652
0.091193
-0.085260
0.241905
0.230045
0.403482
-0.282229
-0.344139
-0.454956
-0.791810
-0.202493
-0.286194
0.284877
0.014004
-0.164000
0.283000
-0.468063
0.471706
-0.202157
0.063446
-0.171459
-0.052788
-0.148534
-0.457895
-0.100377
0.552664
0.003671
-0.018351
-0.334716
0.767060
0.223825
0.219945
-0.317627
0.091535
0.156061
-0.204244
-0.324022
-0.550175
-0.065967
0.071772
0.204629
-0.469526
-0.037000
0.027334
0.240086
0.090877
-0.278772
-0.437461
-0.540100
-0.257910
-0.092431
-0.348489
0.043810
-0.522456
-0.227055
-0.192461
-0.046965
0.143747
0.010718
0.003140
0.102517
0.063329
0.051059
-0.008681
0.246028
0.532744
0.429076
-0.470273
0.064652
0.374890
-0.454000
0.125960
-0.495861
-0.222781
0.323210
-0.097586
-0.273377
-0.024844
0.290675
0.001974
0.427012
0.183476
0.286918
-0.101400
-0.377939
-0.158189
-0.097931
-0.169255
-0.040474
0.391170
0.234613
0.306040
0.350252
0.770768
0.166730
-0.427534
0.225639
-0.389969
-0.458000
-0.451325
-0.161266
-0.617260
0.202913
-0.070770
-0.210611
0.298306
0.434647
0.553799
0.269316
0.501193
-0.089703
0.383713
-0.673000
-1.388120
-0.779044
-0.128742
-0.099916
0.185813
0.370394
0.517723
1.095786
0.576962
-0.177970
-0.271339
-0.501586
0.450995
-0.060000
-0.388220
-0.159790
-0.010055
-0.274958
0.122046
-0.354251
-0.148655
0.581183
0.487809
0.523910
0.908863
0.591630
-0.402539
-0.737282
-1.465509
-1.133248
-0.131753
0.057158
-0.128645
-0.248592
0.681050
0.763921
0.659223
-0.129835
-0.145803
-0.085376
0.063844
-0.278000
0.253544
0.015990
0.223704
-0.190124
-0.418001
-0.084939
0.585806
0.910517
1.091201
0.703125
0.275502
1.212658
0.748766
-0.045263
-0.786035
-0.803715
-0.251738
0.008994
0.305045
0.329537
0.242205
0.548502
0.309265
0.346281
0.471693
-0.167027
0.003869
0.472000
0.017917
-0.439776
-0.153806
-0.308557
0.048551
0.333771
-0.040783
0.348569
0.207569
0.039182
0.092038
0.343507
1.202260
0.224642
-0.026026
-0.014282
0.216971
-0.121235
0.773094
0.584144
1.094663
0.834063
0.356798
-0.075752
-0.296503
-0.184273
-0.144763
0.423000
0.400999
-0.162759
0.360043
0.132978
-0.234760
-0.305353
-0.398669
-0.301128
-0.351799
-0.528088
-0.106614
0.719893
1.081450
0.040084
0.141778
-0.096633
0.111661
0.140051
-0.510398
0.654253
0.269336
0.044556
-0.070673
-0.298956
0.021574
-0.012397
0.028508
-0.135000
-0.389000
0.316409
-0.519002
0.125162
-0.502864
-0.593325
-1.199400
-0.984097
-0.794588
-0.701064
0.434182
0.136173
0.748733
0.480749
0.063679
0.191625
-0.149749
-0.277267
-0.382020
-0.895882
-0.703860
-0.248863
-0.599105
0.181454
-0.452508
-0.119770
-0.276623
0.041000
-0.441000
-0.293784
0.187133
0.354715
-0.622570
-0.643404
-1.347775
-1.267252
-1.022414
-0.266465
0.242741
0.414348
0.650484
0.617204
0.088311
-0.064527
-0.937664
-0.850607
-0.865212
-1.242012
-0.692852
-0.476974
-0.750745
-0.573467
0.265745
-0.264225
0.048998
0.494000
0.028907
-0.404332
-0.510942
-0.289181
-0.396307
-0.521434
-1.194000
-0.294207
0.063846
-0.067184
-0.329251
0.870013
0.476134
-0.074156
0.723303
0.422638
-0.472178
-0.681251
-0.653488
-0.624868
-0.618153
-0.311671
-0.631454
-0.572746
-0.232750
0.076080
0.204996
0.315000
0.211595
-0.170004
0.444288
-0.590061
-0.463045
-1.114023
-0.551730
0.499173
0.742496
0.031589
0.729338
1.143718
0.408270
-0.094156
-0.446296
-0.482619
-0.725356
-0.773452
-0.281527
-0.324241
-0.918356
-0.539687
-0.068025
-0.520311
-0.684742
-0.447348
-0.309110
-0.199000
-0.122159
-0.117028
0.234118
-0.405741
-0.603102
-0.465296
-0.363674
0.346878
1.305291
0.880483
1.091885
0.371478
0.050371
-0.383564
0.487872
0.067184
-0.074226
-0.284645
-0.339287
0.197914
-0.232955
-0.696100
-0.696792
0.146152
0.039693
0.160261
-0.428118
-0.032000
0.202993
0.360243
0.177301
-0.077880
-0.985095
-0.093467
-0.239408
0.711859
0.723700
0.581634
0.320908
0.019385
-1.145844
-0.064418
0.670394
0.153251
-0.530618
-0.037221
-0.509362
-0.290025
-0.137372
-0.380667
-0.439784
-0.047833
0.114759
-0.215923
-0.300058
0.338000
-0.469010
-0.308123
-0.491220
-0.267406
-0.114324
0.096662
-0.175165
0.112685
-0.115125
-0.067399
-0.548979
-0.044015
-1.220690
-0.485583
-0.397536
-0.364415
-0.071512
-0.411540
0.009453
-0.590793
-0.086814
-0.515453
-0.202244
-0.142952
-0.056818
0.256637
0.068531
0.233000
-0.048005
0.253688
-0.453044
-0.653751
-0.490784
0.232556
-0.264990
-0.141905
-0.011896
0.063710
-0.266923
0.347278
-0.165446
-0.602471
-0.458102
-0.621348
-0.783776
-0.364829
-0.306846
-0.581218
-0.197007
-0.067676
-0.027184
-0.439623
0.454358
0.454982
0.066000
-0.397000
-0.221000
-0.042323
0.209265
-0.471966
-0.720860
-0.297923
-0.568226
-0.484898
-0.259455
0.135383
0.401203
0.796765
0.737736
-0.038583
-0.168325
-0.548849
-0.146039
-0.236919
-0.147117
-0.349476
-0.689315
-0.403682
-0.574414
0.082329
-0.038867
0.248037
0.097000
-0.308000
-0.379000
0.301881
0.334791
-0.831126
-1.365084
-0.801206
0.324754
0.088280
0.388393
0.233831
0.383978
0.795302
1.702933
0.877889
0.883420
0.701356
0.106058
0.479765
-0.259755
0.338452
-0.188861
-0.189736
0.296806
-0.417401
-0.235267
-0.233400
-0.301000
0.276000
-0.039000
0.342000
-0.386238
-0.116600
-0.471673
-0.615771
-0.819843
0.069717
-0.100981
0.373735
-0.106028
-0.546658
-0.021019
0.174482
0.561108
0.546287
0.187980
0.100727
0.360134
-0.160774
-0.462238
-0.585342
-0.192293
0.133747
0.316684
-0.474496
0.327000
-0.246000
-0.472000
-0.181000
0.470083
-0.502367
-0.548835
-0.434415
-0.530371
-1.052077
-0.971555
-0.901884
-0.643923
-0.981297
-0.524122
-0.224448
-0.287271
0.000367
0.077403
-0.337787
0.026844
0.040017
0.036944
-0.286366
0.439771
-0.088366
0.445387
-0.208928
-0.371000
0.087000
-0.420000
-0.415000
0.264000
-0.270293
-0.434591
-0.513057
-0.438133
-0.264096
0.040413
-0.199352
-0.170659
-0.161356
-0.041668
-0.095719
0.131327
-0.237483
0.256141
0.314738
-0.181345
0.298933
0.152712
0.200942
0.341035
-0.096000
0.229000
-0.285000
0.065000
0.150000
0.032000
-0.417000
0.219000
-0.204000
-0.061147
0.277456
-0.263078
-0.272004
0.262865
-0.528931
0.069024
0.058827
0.256107
-0.379816
0.002143
-0.422132
0.284610
0.474971
0.125202
-0.361014
0.397767
0.472851
0.138000
0.315000
-0.498000
-0.459000
-0.015000
