-0.158000
0.108000
-0.440000
-0.279000
0.258000
0.454000
0.388000
-0.354000
0.190000
0.449000
0.343000
-0.070000
0.120000
0.248000
-0.433000
0.036000
0.283000
-0.465000
-0.274000
-0.315000
-0.462000
0.353000
0.129000
-0.276000
0.248000
0.423000
-0.141000
-0.243000
0.266000
0.444000
0.455000
-0.182000
0.226000
-0.089000
-0.475000
-0.145011
-0.499548
0.048177
-0.004958
0.082910
0.013889
0.463449
-0.151471
-0.412561
0.410988
-0.358514
-0.304000
0.448000
-0.428000
-0.074000
0.106000
-0.327000
-0.071000
-0.096000
0.205000
0.126000
0.312000
-0.125000
-0.407000
0.065000
-0.464000
0.236000
-0.359000
0.313781
0.492418
-0.246308
0.135617
0.404134
0.320991
-0.033065
-0.152351
-0.488794
-0.385515
-0.328579
0.297640
0.083581
-0.535276
0.122234
-0.314522
0.186977
0.148634
0.162000
0.134000
0.393000
-0.147000
-0.084000
-0.045233
-0.491341
-0.238000
-0.268127
-0.047932
-0.214141
0.052746
-0.392975
-0.519296
-0.660733
-0.640217
-0.387508
-0.527625
-0.510470
-0.594440
-0.517001
-0.735823
-0.410023
0.209572
-0.471563
-0.310162
-0.142542
-0.244034
0.397702
0.168326
0.143000
0.409000
0.402000
0.070488
-0.008965
0.447736
-0.240204
0.108753
0.072707
-0.530594
-0.577822
-0.026114
-0.076521
-0.425896
0.410840
0.067981
-0.254598
0.071758
0.216196
-0.672328
0.310286
0.218828
0.249447
0.206412
0.366224
-0.137149
0.147544
0.086576
0.220654
0.438000
-0.463000
-0.087716
-0.034742
-0.265628
-0.034939
0.277156
0.175378
-0.565565
-0.749416
-0.908412
-0.141167
-0.103946
-0.564412
0.121448
0.312035
-0.333741
-0.372676
-0.106629
0.069155
0.348505
0.382102
0.194125
0.037055
-0.120820
-0.521619
0.447190
-0.416986
0.210000
-0.016000
0.272032
-0.112927
0.312759
0.326193
-0.255008
-0.817602
-0.506008
-1.220862
-0.277348
-0.781524
-0.104461
-0.004029
-0.865564
-0.374081
-0.173244
-0.323174
-0.429419
0.121000
0.115943
0.366960
0.070351
-0.381570
-0.441301
0.183417
-0.302353
-0.429008
0.385000
0.473930
-0.429300
-0.168714
0.336658
-0.475666
-0.550889
-0.768345
-0.460185
-0.726791
-0.539386
-0.060459
0.044139
-0.609965
-0.499593
-0.671497
-0.807572
-0.394213
-0.553909
-0.036519
-0.192622
0.081280
0.222235
-0.309376
-0.464769
0.099875
0.287704
0.008898
0.226000
0.165943
-0.412791
0.179949
0.418412
-0.242373
-0.007209
-0.854210
-0.532668
-0.613475
-1.055160
-0.285833
-0.106101
0.151519
-0.046381
-0.520285
-0.028166
0.076035
0.008473
-0.371021
-0.435127
-0.086899
-0.666752
-0.649499
-0.399936
0.138364
-0.215625
-0.024251
-0.488000
-0.366451
0.129981
-0.388251
0.251093
-0.492843
-0.102688
-0.422235
-0.645080
-0.118846
-0.758590
-0.335017
-0.187070
0.250702
0.059755
0.296822
0.177846
-0.542050
-0.402568
-0.508464
-0.167999
-0.301244
-0.406438
-0.088831
-0.865812
-0.408604
-0.028481
-0.263242
-0.077000
0.421908
0.365818
0.149441
-0.076574
-0.105893
-0.461740
-0.278888
-0.246063
-0.824805
-0.783963
-0.509447
-0.155660
-0.325968
0.869390
0.660149
0.302388
0.091373
0.038140
-0.888911
-0.325774
-0.718265
-0.388822
-0.638283
0.060864
-0.236301
-0.064588
0.381811
0.040000
-0.184998
0.074744
0.241744
0.003219
-0.226382
-0.238161
-0.333852
-0.072874
-0.285517
-0.228903
-0.202521
-0.432238
0.160018
0.997762
0.956036
0.154144
-0.056552
0.208321
-0.430177
-0.784083
-0.642421
-0.088506
-0.034121
0.144054
-0.232003
0.246801
-0.092696
-0.354000
0.214000
0.444654
-0.338387
0.011567
0.063333
0.083765
-0.610225
-0.444623
-0.537810
-0.836750
-0.802823
-0.060472
0.165256
1.116485
1.203739
0.318142
0.100266
0.112211
-0.840474
-0.323532
-0.069578
-0.151982
-0.254073
0.358726
-0.189805
-0.184681
0.433565
0.410012
0.237000
-0.165632
-0.176547
-0.284832
-0.163727
0.042997
-0.001653
-0.633520
-0.416074
-0.526602
-1.378379
0.076113
0.391659
0.794975
0.645355
0.280391
0.019110
-0.147988
-0.356297
-0.210331
-0.282113
-0.523128
-0.444194
-0.212429
0.100983
-0.340742
0.376000
0.326000
-0.104000
0.073372
-0.252318
0.098543
-0.388363
0.256676
0.279209
-0.188919
-0.209163
-1.225850
-0.909135
0.086956
0.864280
0.988527
0.229978
0.063809
-0.423204
-0.695677
-0.941548
-0.565530
0.286355
-0.502488
-0.034060
-0.220195
0.186981
0.072330
0.089000
-0.339000
-0.328000
0.478605
-0.162818
-0.509446
-0.330823
-0.205483
-0.183855
-0.417703
-0.277966
-0.623662
-0.149645
0.096409
0.405778
0.674195
0.175657
0.375876
-0.547668
-0.961773
-0.139517
-0.545348
-0.209756
-0.199489
0.331016
0.222644
-0.445309
0.016970
0.076795
0.289000
0.105007
-0.294870
0.093988
0.418748
-0.276619
-0.030247
-0.310296
-0.822133
-0.061488
-0.388464
-0.112431
0.330815
0.670137
0.966622
-0.105262
-0.306476
-0.590829
-1.019983
-0.206539
-0.377322
-0.549050
-0.245965
-0.391602
0.290361
0.351608
0.248060
-0.334225
0.200000
-0.132991
0.192001
0.278146
-0.032331
-0.161236
-0.077690
-0.589801
-0.801324
-0.415163
-0.145472
-0.244695
0.029374
0.608731
0.811271
-0.006701
-0.086788
-1.221925
-0.292314
-0.593862
-0.613560
-0.551444
0.109233
-0.248646
0.246104
-0.308392
-0.032699
0.176276
0.469000
0.143001
0.033982
0.168940
0.078512
-0.803250
-0.384468
-1.062364
-0.044574
0.023926
-0.055660
-0.224788
0.337167
0.589723
0.276174
-0.379756
-0.857919
-0.404655
-0.396313
-0.339906
-0.585607
-0.534044
-0.576497
-0.276028
-0.299024
-0.055635
0.351566
-0.354733
-0.389000
0.149937
-0.349935
-0.309570
-0.095315
0.041865
-0.499859
-0.437257
-0.437953
-0.130007
-0.091279
-0.142763
-0.045680
0.776813
0.057987
-0.022671
-0.052808
-0.451109
-0.072073
-0.148461
-0.190235
-0.522578
-0.472936
-0.125389
0.208073
-0.319003
-0.475149
-0.313413
0.095000
-0.331121
-0.178449
-0.469691
-0.188873
-0.430436
-0.513185
0.399085
-0.018118
-0.283447
-0.142546
0.225601
0.017030
-0.230762
0.308395
-0.009946
-0.107155
0.097666
-0.373678
-0.546442
-0.870530
-0.494325
0.009924
0.023936
-0.108708
0.319468
0.366971
0.438000
0.381063
-0.243088
0.236890
0.110105
0.124734
0.180602
0.452668
-0.224995
0.099154
-0.258341
-0.210828
-0.093244
-0.422627
-0.334535
-0.415125
0.038620
0.060487
0.371705
-0.252991
-0.517630
-0.933801
-0.014996
-0.285019
-0.255470
0.222618
0.239930
0.250732
0.310000
0.099061
0.336991
0.378895
0.471297
-0.129352
0.266898
0.240085
-0.055313
-0.008814
-0.257129
-0.490969
-0.416131
-0.711759
-0.236140
-0.008950
-0.184877
0.603275
0.472389
0.525317
-0.584516
0.040228
-0.620953
-0.610022
0.220718
0.116962
0.009508
0.353201
-0.026000
0.133000
0.391000
-0.300003
0.298470
0.474677
0.466892
0.701777
0.236652
-0.064527
0.161477
-0.139689
-0.300185
-0.227318
0.181832
-0.131873
0.140755
0.521376
0.727194
0.064023
-0.366340
-0.674312
-0.168793
0.230290
0.281653
-0.014798
0.292597
0.042488
0.040000
0.305000
0.291000
-0.108000
-0.331370
-0.070201
-0.024258
0.399657
0.151148
-0.550447
-0.523597
-0.599903
-0.420464
-0.721808
-0.520975
-0.950558
-0.474315
-0.413483
0.078531
-0.338051
-0.170941
-0.049534
-0.361817
-0.052196
0.423819
-0.428001
-0.118496
-0.491740
0.467000
-0.292000
-0.023000
0.003000
-0.131446
0.042378
-0.420295
-0.600451
-0.039602
-0.120691
-0.801902
-0.402313
-1.083014
-0.265363
-0.894228
-0.334918
-0.366486
0.025443
-0.224015
0.164256
0.415703
0.308670
0.361736
-0.104159
-0.040184
0.114963
0.404000
0.099000
-0.364000
0.180000
-0.302000
-0.468000
-0.113310
0.081439
-0.265246
-0.004380
-0.559191
0.123632
-0.316359
0.198273
-0.423672
-0.207449
0.059917
-0.558586
-0.036034
-0.541013
-0.280510
0.347783
0.160425
-0.322427
0.078948
-0.442004
0.076997
0.250000
-0.493000
0.229000
-0.419000
0.495000
0.178000
0.176000
0.253000
0.399000
0.283998
0.062953
-0.410095
0.107420
-0.328000
-0.257951
0.426062
0.010776
-0.337915
-0.445996
-0.309018
0.472986
0.412454
0.216918
0.150661
0.486000
-0.356000
-0.054000
0.077000
0.017000
0.129000
0.416000
0.374000
