-0.031000
0.412000
-0.354000
0.193000
-0.409000
0.315000
0.449000
0.357000
0.140000
-0.448000
-0.264000
0.051000
-0.013001
-0.274002
-0.338000
0.455000
-0.317000
-0.106000
-0.320000
-0.403000
-0.435000
-0.435000
0.013000
-0.239000
0.078000
-0.422000
0.378000
-0.360000
0.111000
0.447000
-0.055000
-0.330000
0.475000
-0.011000
0.250000
-0.351001
-0.166999
0.363862
-0.298159
-0.259628
-0.534874
-0.117908
0.280436
-0.255721
-0.005999
0.336713
0.276442
0.127618
-0.274955
-0.313764
0.204927
-0.021027
-0.179000
0.038000
-0.149000
-0.053000
-0.292000
0.146000
-0.224000
0.259000
-0.311233
-0.078214
0.165997
-0.015915
-0.040417
-0.445753
0.105091
0.292222
-0.590740
-0.157297
-0.583998
-0.419309
-0.106917
-0.479691
-0.758551
-0.281579
-0.372668
-0.443139
0.205837
0.326285
-0.197247
-0.218547
-0.479000
-0.045000
0.447000
-0.376000
-0.182213
-0.365050
-0.124107
0.274939
0.362322
0.565785
-0.242264
0.069301
0.621616
0.264416
0.135490
0.448619
-0.504041
-0.634647
-0.163100
-0.366666
-0.107043
-0.296371
-0.427589
-0.010838
0.298393
-0.378805
0.321022
-0.136693
0.215990
0.073000
0.061000
-0.255000
-0.027735
-0.231436
0.029247
-0.154722
-0.289894
-0.128062
0.461401
0.141336
0.566908
0.249473
0.089235
0.137751
0.234041
-0.482628
0.102918
-0.025754
-0.144002
0.107374
-0.384175
-0.327487
-0.509591
-0.690972
0.328596
-0.202593
-0.338029
-0.072022
0.158000
-0.207000
-0.294117
0.085598
0.457217
-0.282521
-0.179209
-0.044327
0.218438
0.305158
0.062782
0.549588
0.417361
0.897828
0.343663
0.945854
0.708097
0.784052
0.326759
-0.393797
0.055502
-0.128469
-0.458234
0.044180
0.207452
-0.393447
-0.392778
-0.114461
-0.301000
0.285000
-0.037487
-0.327245
-0.163860
0.208243
0.012359
0.431215
0.001900
-0.165074
0.153994
0.262988
0.099058
0.407872
0.446093
0.244302
0.022865
0.069503
-0.246105
0.149047
-0.359925
0.072957
-0.329294
-0.478995
-0.414196
0.139879
0.382032
-0.163016
-0.189000
0.103971
0.160432
-0.122468
0.077277
-0.575959
0.006215
-0.505661
0.090262
0.409115
-0.104806
0.304615
0.051440
0.158930
0.326030
-0.218689
-0.398441
-0.250073
0.208418
-0.025800
-0.490427
-0.200169
0.038848
-0.419779
-0.416806
0.021337
0.242565
-0.396008
-0.416000
-0.399039
-0.003200
-0.369326
0.328116
0.214502
0.255683
-0.637946
0.351006
0.270428
0.773758
0.296066
-0.343019
0.411578
0.117955
0.101974
-0.037018
-0.463639
-0.498214
-0.478142
-0.062604
-0.366198
-0.087882
-0.106569
-0.239945
-0.015622
-0.250235
0.152998
0.436000
-0.407488
-0.157462
0.169790
0.043243
0.343844
0.216472
0.378927
0.155265
0.537169
0.019716
0.775712
0.085203
-0.328389
-0.178388
0.191572
0.129446
-0.066620
0.054470
-0.069061
0.047439
0.197671
-0.576360
-0.043233
-0.028528
-0.385573
-0.021257
-0.420007
-0.160000
-0.427942
-0.456798
-0.205514
-0.024155
-0.096000
0.050911
-0.072105
-0.654400
-0.050728
-0.477029
-0.726999
-0.674541
-0.781351
-0.368252
-0.410036
-0.347340
0.220567
0.494199
-0.218301
-0.337309
-0.289528
-0.528118
-0.741908
-0.671588
-0.474329
-0.083212
0.261999
-0.457000
0.241939
-0.479024
0.252921
-0.273482
-0.826831
-1.244515
-1.215439
-0.854015
-1.340415
-1.430251
-1.569059
-1.626053
-1.321959
-1.608829
-0.527981
-0.621445
-0.239110
0.436556
0.162308
-0.471714
0.133206
-0.483067
-0.320127
-0.083391
0.147016
-0.478870
-0.471017
0.487000
-0.458001
-0.247006
-0.588281
-0.491295
-0.783363
-1.501253
-1.894603
-2.149041
-2.377519
-1.883820
-1.449334
-1.279613
-1.243003
-1.679970
-1.256173
-0.563648
-0.940454
-0.445160
0.156090
-0.173623
-0.054924
-0.671911
-0.390166
-0.180285
0.223249
-0.211980
0.444984
-0.279016
-0.030001
-0.317809
-0.057286
-0.108004
-0.907553
-1.530587
-2.065856
-1.557106
-1.344214
-0.892831
-0.947558
-0.636540
-0.532678
-0.110945
-0.544229
-0.403368
-0.555812
-0.192934
0.069132
-0.422491
-0.597936
-0.509732
-0.848741
-0.177486
-0.285724
0.222704
-0.040502
0.498000
0.021336
0.084368
-0.448815
-0.195019
-0.921208
-1.388658
-0.423092
-0.379734
0.130208
0.445811
0.428929
0.361584
0.327629
-0.080224
-0.773715
-0.362968
-0.301596
-0.178839
-0.570426
-0.475795
-0.701209
-0.536348
-0.836610
-0.536523
0.028312
0.290739
-0.003167
0.241000
-0.514472
0.267305
-0.468695
-0.967530
-0.978989
-0.211090
0.481836
0.343210
0.941889
0.108793
0.288082
0.206907
0.409027
-0.369747
0.101107
0.033277
-0.242587
-0.516172
-0.782658
-0.613323
-0.184611
-0.469821
-0.902185
-0.003693
0.621789
0.014811
0.247056
-0.277000
0.073696
-0.460872
0.329541
0.312714
0.021412
0.839585
0.450515
0.717020
0.157495
0.034065
0.486477
0.032285
0.661775
-0.211509
0.383253
-0.032350
0.252798
-0.158011
-0.382044
-0.171663
-0.109641
-0.026130
0.386260
0.326726
0.502659
-0.196085
0.148666
-0.316000
-0.431150
-0.235354
-0.375014
0.329126
0.356638
0.785832
0.911164
0.508864
0.592960
0.689350
0.587801
0.493667
0.412070
0.425558
0.267710
0.203703
-0.134071
-0.007354
-0.461718
0.155636
0.075135
-0.244825
0.630183
0.786974
0.516620
-0.196421
0.106234
0.374971
0.406881
-0.433773
-0.536995
0.281689
0.711785
0.660801
0.300653
0.634177
0.621288
0.143569
0.754338
0.531371
0.551059
0.301437
0.718417
0.211220
-0.216752
0.292022
-0.427185
-0.367462
0.103214
0.768788
0.578869
0.847442
0.739812
0.259147
-0.346592
-0.032143
0.497215
-0.535562
-0.014256
0.282652
0.248378
0.504680
0.540684
0.423708
0.630045
0.986330
0.780617
0.568924
0.686518
0.347875
-0.329097
0.455065
0.073535
-0.312011
-0.023804
-0.031314
-0.000368
0.256710
0.674026
1.319806
0.432033
0.483700
0.136568
-0.087000
-0.100002
0.271049
0.265377
0.157181
0.701324
-0.129158
0.396496
0.664908
0.183466
0.149053
0.285635
0.115634
0.061049
0.168718
0.268103
-0.370945
-0.453611
-0.179622
-0.194226
0.080016
0.231150
0.438880
1.218470
0.828724
0.667311
-0.238201
0.041981
-0.437120
0.046962
-0.006285
0.269579
0.104495
-0.112274
-0.089824
0.056217
0.025730
0.175097
-0.020655
0.074121
-0.261618
-0.094208
-0.301052
-0.348915
-0.250638
0.023871
0.211881
0.519880
0.065383
0.272882
0.874518
0.387686
0.428109
0.480319
-0.089507
0.415000
-0.050116
-0.181037
-0.212867
0.504365
0.327017
0.052388
0.340139
0.388256
0.321789
0.097150
0.358676
0.029925
0.252675
-0.473121
-0.444655
-0.074197
-0.565642
-0.651409
0.603052
0.403685
0.710424
0.239759
0.669079
0.779222
0.012881
0.213998
-0.246990
-0.453000
-0.148000
0.158000
-0.020760
-0.077679
0.297810
0.492801
-0.642692
-0.146012
-0.304061
-0.094830
-0.724122
-0.431166
-0.424979
-0.378957
-1.020075
-0.383679
-0.667553
-0.536273
-0.021979
0.421313
0.837621
0.680798
0.245530
-0.087444
-0.123354
0.428993
0.462528
0.210000
-0.439000
-0.115000
-0.427445
-0.044964
-0.151171
-0.021350
-0.746315
-0.834387
-0.749552
-0.702185
-0.883867
-0.900842
-0.765251
-0.292773
-0.633658
-0.030091
-0.706542
-0.492147
-0.536826
-0.151390
0.090988
0.259179
0.016775
0.249638
0.285009
0.040922
0.369144
-0.102000
-0.002000
-0.397000
-0.148000
0.162480
-0.478009
-0.510397
-0.093597
-0.695330
-0.506822
-0.369544
-0.333387
-0.989011
-0.768528
-0.205108
-0.532899
-0.305835
-0.219990
-0.176617
-0.060046
0.236848
-0.369745
-0.354322
0.041739
-0.171617
0.293447
-0.320872
0.135153
0.357000
0.383000
0.162000
0.402000
-0.238002
-0.080029
0.269788
-0.478684
-0.238049
0.293212
0.073358
0.255669
0.362980
0.152994
0.270921
0.070974
-0.358432
0.128651
-0.496005
-0.136047
0.401614
0.066651
-0.468431
-0.506053
-0.370001
-0.472000
0.131000
0.089000
-0.348000
0.130000
-0.328000
0.364000
-0.093000
-0.205000
-0.072013
0.180968
-0.010032
0.109896
-0.323450
-0.429617
-0.264198
-0.044137
0.131338
0.312709
0.120625
-0.464642
0.392966
0.130000
-0.226002
0.492931
0.281940
-0.297219
-0.039000
-0.210000
0.162000
-0.193000
0.497000
