-0.147000
0.442000
-0.496000
0.123000
0.352000
0.125000
0.111000
0.342000
0.224000
-0.351000
-0.365000
0.090000
-0.354000
-0.172000
0.355000
0.304000
0.241000
0.409000
-0.119000
0.279000
-0.398000
-0.417000
0.192000
0.032000
-0.188000
-0.401000
-0.339000
-0.453000
-0.095000
-0.210000
0.069000
0.459000
0.128000
-0.361000
-0.272000
0.080518
-0.024423
0.286985
-0.054090
-0.042163
-0.351888
-0.048470
0.262581
-0.339496
-0.230903
0.258928
0.138205
-0.319375
0.315840
-0.435790
-0.273925
-0.027961
-0.021000
0.093000
-0.018000
-0.495000
0.036000
-0.167000
-0.395000
0.087000
0.232000
0.139065
-0.330063
-0.434190
0.026567
-0.106480
-0.472544
0.077475
0.429927
-0.046165
0.593121
0.482018
0.121543
-0.227999
-0.233681
0.302338
-0.038068
0.395840
-0.396329
0.020043
-0.033043
0.058000
-0.357000
-0.439000
0.103000
-0.310000
-0.314000
-0.274000
0.103000
-0.485511
-0.190089
0.237215
-0.147406
-0.312704
-0.233319
0.018331
-0.340464
0.014008
-0.165278
-0.160552
0.537868
0.264910
0.869896
0.791711
0.539738
0.432769
-0.134660
0.245883
-0.245193
-0.342000
-0.075000
-0.233000
-0.188000
0.234000
-0.048000
-0.331000
0.061630
0.057819
-0.299957
-0.288216
0.322345
0.003048
-0.708596
-0.058206
0.112356
-0.270492
0.112897
0.179882
0.083471
-0.299902
0.242837
0.919183
0.190884
0.154440
0.466119
0.103003
0.296844
-0.134206
-0.231000
0.386000
0.330000
0.309000
0.140000
-0.179156
-0.181991
0.352931
0.106171
-0.573121
-0.203814
-0.350174
0.074270
0.229865
-0.166268
0.474824
-0.356786
-0.021763
-0.097351
-0.318343
-0.029529
0.238617
0.167215
-0.387055
-0.431856
-0.029635
-0.349890
-0.441505
-0.482999
-0.187000
-0.247000
-0.383000
0.489349
-0.344888
-0.036357
-0.465538
0.012110
-0.044855
-0.072949
0.051416
-0.598815
-0.093116
-0.219627
-0.369212
-0.388910
-0.008038
-0.161746
0.157136
-0.040856
-0.508638
-0.483028
-0.635642
-0.435814
0.133946
-0.206884
0.180341
-0.410253
-0.251781
0.054000
-0.450000
-0.068003
0.262965
-0.557712
0.138035
-0.491273
0.151572
0.178851
-0.436847
-0.307520
0.074096
-0.437306
-0.028847
-0.320826
-0.481942
-0.466736
-0.223440
-0.688196
-0.913036
-0.977015
-0.475944
-0.115811
-0.361976
-0.296702
0.127436
-0.134635
-0.254511
0.218000
-0.465000
-0.215058
-0.088349
0.089374
0.355885
-0.545358
0.261569
-0.275373
-0.143210
0.169286
-0.504596
0.039016
-0.029938
-0.006221
-0.049548
-0.497636
-0.900268
-0.799044
-0.699296
-0.663629
-0.446747
-0.861297
-0.636974
-0.211045
-0.009435
0.231173
0.081566
0.423000
-0.006412
0.230785
0.323128
-0.198186
-0.107736
0.186780
-0.320995
-0.386983
0.255343
-0.454861
-0.117884
-0.143881
-0.589554
-0.294296
-0.471691
-0.299051
-0.531016
-1.131084
-0.653688
-1.118933
-0.512847
-0.250717
-0.615534
-0.288148
-0.220502
-0.155407
-0.030038
-0.325000
-0.304626
0.182621
0.452363
-0.013006
0.314194
-0.354300
-0.124000
0.160386
-0.039415
-0.296921
-0.264128
0.039813
0.317219
-0.437069
-0.855243
-0.453063
-0.686597
-0.990442
-0.565716
-0.414493
-0.807960
-0.159391
0.103142
-0.080851
0.440735
0.065463
-0.415002
-0.487000
-0.216007
-0.247340
0.194871
-0.335040
-0.188113
0.223545
0.188269
-0.083479
-0.161159
0.036853
-0.072026
-0.050741
0.005766
0.219401
-0.648120
-0.964266
-0.486062
-0.153622
-0.260155
-0.377651
0.066639
-0.194879
0.047301
0.230465
-0.507619
-0.186888
-0.033000
-0.500000
0.027993
0.415651
0.105556
0.371399
0.228382
-0.163674
0.309520
0.330494
0.458830
-0.188808
0.435841
0.461002
-0.025011
-0.268967
-0.834166
-0.285085
-0.127861
0.355881
-0.129410
0.380573
0.004198
0.004753
0.303828
-0.353543
0.346896
0.211119
-0.330000
-0.017000
0.216999
-0.108032
0.223763
-0.302971
0.251516
0.341226
0.029528
0.166421
-0.175670
0.586692
-0.258357
0.494273
0.102441
-0.673562
0.289025
-0.323670
-0.366804
-0.337019
-0.366833
0.234660
0.624742
0.472402
0.639675
0.253157
-0.332586
0.077036
0.370000
0.490000
-0.088000
-0.500003
-0.466785
-0.368970
-0.560351
0.241339
0.701053
-0.104860
0.624075
0.251210
0.414735
-0.241506
-0.730673
-0.297668
0.322685
-0.104395
0.098821
-0.434038
0.159647
0.118448
0.603946
0.010737
0.495774
-0.207585
-0.295871
-0.448779
0.166000
-0.250000
0.170000
-0.355000
0.377574
-0.465382
0.179881
0.183236
-0.229376
0.311569
0.026015
0.343554
-0.266736
0.322764
-0.049687
-0.393597
-0.427038
0.062938
0.555888
-0.258640
0.043220
-0.253842
-0.056763
-0.043566
0.525122
0.045767
-0.155777
-0.150728
-0.200000
-0.076000
0.364000
0.037000
0.172115
-0.063939
-0.093602
0.120250
0.422128
0.453703
0.265299
0.448185
-0.012500
-0.395518
-0.340250
0.171934
-0.020388
0.123996
-0.408671
-0.225989
0.347649
0.293503
0.057904
0.174405
-0.241254
0.226554
-0.183834
0.186473
-0.278000
0.457000
0.053000
-0.229004
0.436463
-0.184624
-0.016334
-0.651841
-0.141322
-0.133422
0.146392
0.288000
0.366433
0.105095
-0.402842
-0.010985
-0.576200
-0.211353
0.065115
-0.257762
-0.424641
0.395725
-0.170169
0.354781
-0.080700
-0.426250
-0.167610
0.313248
-0.242494
-0.107000
-0.467000
-0.069011
0.077176
-0.420224
-0.646143
-0.013844
-0.203436
0.469552
0.771948
0.550362
0.708707
0.665047
0.081702
-0.079653
-0.119513
0.506261
0.422293
-0.327920
0.023966
0.334710
0.300013
-0.229170
-0.371619
0.097056
0.185065
0.060475
0.430076
-0.283000
-0.088000
0.346965
-0.075150
0.171451
0.318600
-0.518766
0.212796
-0.164987
0.375470
0.483616
0.770339
0.401590
0.282415
0.672414
0.043812
0.183539
0.092285
0.410903
-0.308434
-0.042834
-0.353054
-0.212928
-0.285953
0.046302
-0.321732
0.251514
-0.251181
-0.442000
0.075000
-0.439503
0.075411
0.205074
-0.279055
-0.133265
-0.527412
-0.040856
-0.257830
0.279884
0.086077
0.216514
0.661965
0.264189
0.699285
0.668624
-0.332331
0.089588
0.001592
0.235897
-0.406031
-0.423522
0.209754
-0.542701
-0.070675
0.293943
0.122000
0.236000
0.390000
-0.485919
-0.060618
0.111875
0.046135
0.118426
-0.684165
-0.113629
0.052414
0.104044
0.371795
0.328083
0.579998
0.326148
0.662012
-0.021813
0.030986
-0.129776
-0.014974
0.114897
-0.509362
-0.348199
-0.128786
0.147252
0.311665
0.359989
-0.053000
0.346000
-0.229000
-0.318011
-0.157555
-0.414440
-0.186772
-0.049055
-0.399001
-0.343077
-0.315402
-0.357200
-0.230315
-0.541783
-0.408239
0.058782
-0.441633
-0.319119
0.023126
-0.056917
-0.689667
0.228444
-0.575438
0.178500
-0.201113
-0.189240
-0.454714
-0.330001
-0.006000
-0.284000
0.229000
0.226000
-0.462297
0.403706
0.117113
-0.238470
0.194720
-0.279726
-0.198808
-0.861006
-0.670044
-0.703871
-0.665183
-0.834100
-0.599695
-0.113095
-0.606280
-0.056366
-0.590241
0.007320
0.042075
-0.054263
0.288756
-0.504094
-0.339117
0.396000
-0.359000
-0.350000
-0.068000
0.372000
-0.139001
0.269985
-0.187040
-0.365703
0.097822
-0.439586
0.177175
-0.578224
0.256975
-0.014469
-0.033578
-0.603953
-0.091230
0.094966
-0.449358
-0.347237
-0.088225
-0.358343
-0.058704
-0.167822
0.322958
-0.118480
-0.239000
-0.105000
-0.349000
0.166000
-0.417000
0.210000
0.258000
-0.128003
-0.205045
0.405776
-0.486636
-0.067539
-0.249625
0.368135
0.288330
-0.496066
-0.179964
0.048712
-0.241825
-0.024715
0.062244
-0.343398
0.419025
0.223120
-0.121829
0.292934
-0.450017
0.178997
-0.232000
-0.226000
0.384000
0.129000
-0.165000
-0.040000
-0.395001
0.010974
0.491931
0.323915
0.049713
-0.485259
-0.441050
0.300031
0.257548
-0.191972
0.422273
-0.434020
-0.203925
-0.284084
-0.249720
-0.360842
-0.474423
0.137940
0.300087
-0.053204
-0.009001
0.260000
-0.118000
0.336000
-0.281000
-0.230000
0.179000
0.225000
0.019000
0.309000
0.200999
0.130953
-0.176070
0.306987
0.225000
-0.199000
-0.217001
0.468998
-0.012002
-0.336001
0.462905
-0.376029
0.033987
0.269843
0.350923
0.496695
0.218828
0.007708
-0.433000
-0.235000
0.340000
-0.121000
0.455000
